   NS_SS0963  1 0.5015 0.4985 
   NS_SS0983  1 0.8010 0.1990 
   NS_SS0719  1 0.5546 0.4454 
   NS_SS1001  1 0.2707 0.7293 
   NS_SS0936  1 0.5702 0.4298 
   NS_SS0955  1 0.6548 0.3452 
   NS_SS0944  1 0.5028 0.4972 
   NS_SS0945  1 0.4433 0.5567 
   NS_SS0922  1 0.2811 0.7189 
   NS_SS0929  1 0.6394 0.3606 
   NS_SS0956  1 0.2013 0.7987 
   NS_SS0906  1 0.5408 0.4592 
   NS_SS0721  1 0.4097 0.5903 
   NS_SS0982  1 0.4056 0.5944 
   NS_SS0923  1 0.4013 0.5987 
   NS_SS0905  1 0.4967 0.5033 
   NS_SS0925  1 0.4712 0.5288 
   NS_SS0947  1 0.4234 0.5766 
   NS_SS0926  1 0.6569 0.3431 
   NS_SS0918  1 0.2380 0.7620 
   NS_SS0966  1 0.4277 0.5723 
   NS_SS0938  1 0.4548 0.5452 
   NS_SS0917  1 0.7457 0.2543 
   NS_SS0957  1 0.3070 0.6930 
   NS_SS0987  1 0.2123 0.7877 
   NS_SS0717  1 0.2751 0.7249 
   NS_SS0986  1 0.3506 0.6494 
   NS_SS0953  1 0.3309 0.6691 
   NS_SS0907  1 0.5825 0.4175 
   NS_SS0974  1 0.6222 0.3778 
   NS_SS0989  1 0.8093 0.1907 
   NS_SS0991  1 0.4793 0.5207 
   NS_SS0994  1 0.8373 0.1627 
   NS_SS0931  1 0.4724 0.5276 
   NS_SS1000  1 0.3507 0.6493 
   NS_SS0919  1 0.7057 0.2943 
   NS_SS0949  1 0.7845 0.2155 
   NS_SS0960  1 0.5983 0.4017 
   NS_SS0716  1 0.1398 0.8602 
   NS_SS0924  1 0.5841 0.4159 
   NS_SS0935  1 0.6226 0.3774 
   NS_SS0952  1 0.6902 0.3098 
   NS_SS0962  1 0.3449 0.6551 
   NS_SS0973  1 0.6468 0.3532 
   NS_SS0722  1 0.3031 0.6969 
   NS_SS0979  1 0.3126 0.6874 
   NS_SS0993  1 0.4064 0.5936 
   NS_SS0958  1 0.5627 0.4373 
   NS_SS0988  1 0.4795 0.5205 
   NS_SS1003  1 0.2349 0.7651 
   NS_SS0976  1 0.6401 0.3599 
   NS_SS0964  1 0.2317 0.7683 
   NS_SS0939  1 0.1627 0.8373 
   NS_SS0990  1 0.3611 0.6389 
   NS_SS0984  1 0.2670 0.7330 
   NS_SS0980  1 0.6440 0.3560 
   NS_SS0978  1 0.5515 0.4485 
   NS_SS0951  1 0.3444 0.6556 
   NS_SS0913  1 0.2571 0.7429 
   NS_SS1002  1 0.4177 0.5823 
   NS_SS0948  1 0.4501 0.5499 
   NS_SS0916  1 0.7110 0.2890 
   NS_SS0995  1 0.5175 0.4825 
   NS_SS0927  1 0.7311 0.2689 
   NS_SS0992  1 0.6807 0.3193 
   NS_SS0912  1 0.3410 0.6590 
   NS_SS0981  1 0.3023 0.6977 
   NS_SS0729  2 0.8611 0.1389 
   NS_SS0967  2 0.5179 0.4821 
   NS_SS0941  2 0.4991 0.5009 
   NS_SS0768  2 0.3190 0.6810 
   NS_SS0726  2 0.8054 0.1946 
   NS_SS0763  2 0.7111 0.2889 
   NS_SS0730  2 0.2880 0.7120 
   NS_SS0774  2 0.3979 0.6021 
   NS_SS0723  2 0.4066 0.5934 
   NS_SS0940  2 0.5632 0.4368 
   NS_SS0762  2 0.1946 0.8054 
   NS_SS0766  2 0.4539 0.5461 
   NS_SS0724  2 0.2674 0.7326 
   NS_SS0769  2 0.4665 0.5335 
   NS_SS0777  2 0.4376 0.5624 
   NS_SS0734  2 0.4746 0.5254 
   NS_SS0737  2 0.3588 0.6412 
   NS_SS0732  2 0.2953 0.7047 
   NS_SS0728  2 0.5004 0.4996 
   NS_SS0735  2 0.4359 0.5641 
   NS_SS0725  2 0.3186 0.6814 
   NS_SS0788  2 0.5900 0.4100 
   NS_SS0778  2 0.5738 0.4262 
   NS_SS0792  2 0.5424 0.4576 
   NS_SS0943  2 0.5850 0.4150 
   NS_SS0791  2 0.5499 0.4501 
   NS_SS0790  2 0.1387 0.8613 
   NS_SS0731  2 0.2441 0.7559 
   NS_SS0727  2 0.7113 0.2887 
   NS_SS0779  2 0.4607 0.5393 
   NS_SS0776  2 0.3969 0.6031 
   NS_SS0775  2 0.2783 0.7217 
   NS_SS0965  3 0.3334 0.6666 
   NS_SS0754  3 0.5930 0.4070 
   NS_SS0838  3 0.5234 0.4766 
   NS_SS0839  3 0.2795 0.7205 
   NS_SS0832  3 0.2082 0.7918 
   NS_SS0820  3 0.2781 0.7219 
   NS_SS0886  3 0.5380 0.4620 
   NS_SS0748  3 0.5388 0.4612 
   NS_SS0884  3 0.5617 0.4383 
   NS_SS0752  3 0.5737 0.4263 
   NS_SS0862  3 0.2550 0.7450 
   NS_SS0787  3 0.7279 0.2721 
   NS_SS0843  3 0.5599 0.4401 
   NS_SS0856  3 0.5205 0.4795 
   NS_SS0846  3 0.7322 0.2678 
   NS_SS0825  3 0.5011 0.4989 
   NS_SS0757  3 0.5426 0.4574 
   NS_SS0876  3 0.4372 0.5628 
   NS_SS0903  3 0.5925 0.4075 
   NS_SS0875  3 0.3003 0.6997 
   NS_SS0740  3 0.5167 0.4833 
   NS_SS0811  3 0.1595 0.8405 
   NS_SS0751  3 0.4554 0.5446 
   NS_SS0891  3 0.4247 0.5753 
   NS_SS0867  3 0.6070 0.3930 
   NS_SS0890  3 0.5260 0.4740 
   NS_SS0866  3 0.7395 0.2605 
   NS_SS0755  3 0.3775 0.6225 
   NS_SS0758  3 0.5774 0.4226 
   NS_SS0840  3 0.2577 0.7423 
   NS_SS0889  3 0.5155 0.4845 
   NS_SS1010  3 0.4448 0.5552 
   NS_SS0888  3 0.7652 0.2348 
   NS_SS0837  3 0.2603 0.7397 
   NS_SS0794  3 0.6600 0.3400 
   NS_SS0823  3 0.3740 0.6260 
   NS_SS0829  3 0.5987 0.4013 
   NS_SS0844  3 0.4152 0.5848 
   NS_SS1008  3 0.5349 0.4651 
   NS_SS0881  3 0.4856 0.5144 
   NS_SS0834  3 0.3748 0.6252 
   NS_SS0744  3 0.6202 0.3798 
   NS_SS0899  3 0.1553 0.8447 
   NS_SS0804  3 0.2562 0.7438 
   NS_SS0781  3 0.2943 0.7057 
   NS_SS0822  3 0.5643 0.4357 
   NS_SS1004  3 0.4790 0.5210 
   NS_SS0746  3 0.5442 0.4558 
   NS_SS0880  3 0.4360 0.5640 
   NS_SS0879  3 0.3391 0.6609 
   NS_SS0753  3 0.5564 0.4436 
   NS_SS1007  3 0.6481 0.3519 
   NS_SS0872  3 0.4149 0.5851 
   NS_SS1005  3 0.4655 0.5345 
   NS_SS0892  3 0.4647 0.5353 
   NS_SS0898  3 0.4867 0.5133 
   NS_SS0801  3 0.3291 0.6709 
   NS_SS0827  3 0.3822 0.6178 
   NS_SS0853  3 0.3027 0.6973 
   NS_SS0780  3 0.3350 0.6650 
   NS_SS0826  3 0.4477 0.5523 
   NS_SS0818  3 0.2334 0.7666 
   NS_SS0745  3 0.1209 0.8791 
   NS_SS0849  3 0.2631 0.7369 
   NS_SS0739  3 0.4384 0.5616 
   NS_SS0799  3 0.7169 0.2831 
   NS_SS0756  3 0.2362 0.7638 
   NS_SS0802  3 0.7187 0.2813 
   NS_SS0747  3 0.6228 0.3772 
   NS_SS0835  3 0.8345 0.1655 
   NS_SS0742  3 0.5372 0.4628 
   NS_SS0760  3 0.6784 0.3216 
   NS_SS0803  3 0.4724 0.5276 
   NS_SS0828  3 0.4097 0.5903 
   NS_SS0865  3 0.4847 0.5153 
   NS_SS0759  3 0.2510 0.7490 
   NS_SS0851  3 0.1536 0.8464 
   NS_SS0874  3 0.4402 0.5598 
   NS_SS0761  3 0.6539 0.3461 
   NS_SS0842  3 0.5328 0.4672 
   NS_SS0785  3 0.5851 0.4149 
   NS_SS0860  3 0.8127 0.1873 
   NS_SS0897  3 0.7155 0.2845 
   NS_SS0841  3 0.2010 0.7990 
   NS_SS0797  3 0.4271 0.5729 
   NS_SS0830  3 0.4100 0.5900 
   NS_SS1011  3 0.3415 0.6585 
   NS_SS0883  3 0.5576 0.4424 
   NS_SS0782  3 0.5173 0.4827 
   NS_SS0831  3 0.5485 0.4515 
   NS_SS0749  3 0.5257 0.4743 
   NS_SS0854  3 0.6771 0.3229 
   HI_SS0193  4 0.5315 0.4685 
   HI_SS0194  4 0.4105 0.5895 
   HI_SS0195  4 0.1982 0.8018 
   HI_SS0196  4 0.5521 0.4479 
   HI_SS0197  4 0.6128 0.3872 
   HI_SS0198  4 0.5151 0.4849 
   HI_SS0199  4 0.7391 0.2609 
   HI_SS0201  4 0.7336 0.2664 
   HI_SS0215  4 0.7475 0.2525 
   HI_SS0218  4 0.7388 0.2612 
   HI_SS0222  4 0.4283 0.5717 
   HI_SS0230  4 0.3682 0.6318 
   HI_SS0234  4 0.7226 0.2774 
   HI_SS0240  4 0.5449 0.4551 
   HI_SS0241  4 0.6938 0.3062 
   HI_SS0242  4 0.4773 0.5227 
   HI_SS0247  4 0.3645 0.6355 
   HI_SS0248  4 0.7432 0.2568 
   HI_SS0252  4 0.4136 0.5864 
   HI_SS0254  4 0.6918 0.3082 
   HI_SS0256  4 0.2088 0.7912 
   HI_SS0257  4 0.8082 0.1918 
   HI_SS0258  4 0.5662 0.4338 
   HI_SS0259  4 0.4762 0.5238 
   HI_SS0260  4 0.7021 0.2979 
   HI_SS0261  4 0.6219 0.3781 
   HI_SS0262  4 0.3949 0.6051 
   HI_SS0264  4 0.2543 0.7457 
   HI_SS0265  4 0.4259 0.5741 
   HI_SS0268  4 0.4794 0.5206 
   HI_SS0269  4 0.8855 0.1145 
   HI_SS0273  4 0.6028 0.3972 
   HI_SS0277  4 0.5310 0.4690 
   HI_SS0280  4 0.3647 0.6353 
   HI_SS0282  4 0.6140 0.3860 
   HI_SS0286  4 0.5580 0.4420 
   NS_SS1252  5 0.8073 0.1927 
   NS_SS1261  5 0.5742 0.4258 
   NS_SS1225  5 0.6729 0.3271 
   NS_SS1266  5 0.2851 0.7149 
   NS_SS1228  5 0.2931 0.7069 
   NS_SS1255  5 0.4708 0.5292 
   NS_SS1267  5 0.8105 0.1895 
   NS_SS1238  5 0.3678 0.6322 
   NS_SS1233  5 0.2016 0.7984 
   NS_SS1277  5 0.6277 0.3723 
   NS_SS1245  5 0.5876 0.4124 
   NS_SS1240  5 0.8273 0.1727 
   NS_SS1275  5 0.2568 0.7432 
   NS_SS1235  5 0.6637 0.3363 
   NS_SS1263  5 0.3257 0.6743 
   NS_SS1251  5 0.4036 0.5964 
   NS_SS1248  5 0.1774 0.8226 
   NS_SS1244  5 0.5676 0.4324 
   NS_SS1257  5 0.6507 0.3493 
   NS_SS1242  5 0.2615 0.7385 
   NS_SS1271  5 0.7998 0.2002 
   NS_SS1265  5 0.5982 0.4018 
   NS_SS1243  5 0.2663 0.7337 
   NS_SS1273  5 0.1999 0.8001 
   NS_SS1254  5 0.3423 0.6577 
   NS_SS1224  5 0.2162 0.7838 
   NS_SS1227  5 0.8005 0.1995 
   NS_SS1274  5 0.6308 0.3692 
   NS_SS1241  5 0.6451 0.3549 
   NS_SS1256  5 0.5542 0.4458 
   NS_SS1260  5 0.7646 0.2354 
   NS_SS1262  5 0.5736 0.4264 
   NS_SS1230  5 0.5153 0.4847 
   NS_SS1270  5 0.2821 0.7179 
   NS_SS1229  5 0.7450 0.2550 
   NS_SS1246  5 0.7937 0.2063 
   NS_SS1269  5 0.4232 0.5768 
   NS_SS1239  5 0.4373 0.5627 
   NS_SS1272  5 0.5549 0.4451 
   NS_SS1268  5 0.1861 0.8139 
   NS_SS1249  5 0.8020 0.1980 
   HI_SS0559  6 0.4594 0.5406 
   HI_SS0563  6 0.5005 0.4995 
   HI_SS0564  6 0.4672 0.5328 
   HI_SS0565  6 0.6593 0.3407 
   HI_SS0569  6 0.6803 0.3197 
   HI_SS0570  6 0.7204 0.2796 
   HI_SS0572  6 0.5114 0.4886 
   HI_SS0576  6 0.2785 0.7215 
   HI_SS0579  6 0.6846 0.3154 
   HI_SS0580  6 0.5584 0.4416 
   HI_SS0581  6 0.2981 0.7019 
   HI_SS0583  6 0.7103 0.2897 
   HI_SS0586  6 0.6137 0.3863 
   HI_SS0588  6 0.6359 0.3641 
   HI_SS0595  6 0.7353 0.2647 
   HI_SS0596  6 0.3507 0.6493 
   HI_SS0597  6 0.5120 0.4880 
   HI_SS0600  6 0.6739 0.3261 
   HI_SS0601  6 0.6237 0.3763 
   HI_SS0602  6 0.4980 0.5020 
   HI_SS0604  6 0.4578 0.5422 
   HI_SS0605  6 0.5038 0.4962 
   HI_SS0608  6 0.4123 0.5877 
   HI_SS0609  6 0.3808 0.6192 
   HI_SS0611  6 0.6398 0.3602 
   HI_SS0612  6 0.6782 0.3218 
   HI_SS0613  6 0.3165 0.6835 
   HI_SS0615  6 0.3139 0.6861 
   HI_SS0001  6 0.5889 0.4111 
   HI_SS0002  6 0.3942 0.6058 
   HI_SS0004  6 0.5603 0.4397 
   HI_SS0005  6 0.2644 0.7356 
   HI_SS0006  6 0.6741 0.3259 
   HI_SS0007  6 0.4050 0.5950 
   HI_SS0008  6 0.4475 0.5525 
   HI_SS0009  6 0.2644 0.7356 
   HI_SS0010  6 0.4307 0.5693 
   HI_SS0011  6 0.2848 0.7152 
   HI_SS0012  6 0.5348 0.4652 
   HI_SS0017  6 0.3542 0.6458 
   HI_SS0021  6 0.4951 0.5049 
   HI_SS0024  6 0.3404 0.6596 
   HI_SS0025  6 0.2631 0.7369 
   HI_SS0027  6 0.5650 0.4350 
   HI_SS0028  6 0.1781 0.8219 
   HI_SS0029  6 0.4443 0.5557 
   HI_SS0030  6 0.6299 0.3701 
   HI_SS0031  6 0.6785 0.3215 
   HI_SS0034  6 0.7786 0.2214 
   HI_SS0036  6 0.6069 0.3931 
   HI_SS0037  6 0.5869 0.4131 
   HI_SS0039  6 0.4294 0.5706 
   HI_SS0041  6 0.2694 0.7306 
   HI_SS0042  6 0.3220 0.6780 
   HI_SS0043  6 0.7796 0.2204 
   HI_SS0044  6 0.5966 0.4034 
   HI_SS0047  6 0.4046 0.5954 
   HI_SS0049  6 0.3577 0.6423 
   HI_SS0051  6 0.3853 0.6147 
   HI_SS0053  6 0.8105 0.1895 
   HI_SS0054  6 0.6280 0.3720 
   HI_SS0057  6 0.2948 0.7052 
   HI_SS0058  6 0.5467 0.4533 
   HI_SS0060  6 0.3746 0.6254 
   HI_SS0087  6 0.6287 0.3713 
   HI_SS0091  6 0.8488 0.1512 
   HI_SS0095  6 0.6203 0.3797 
   HI_SS0097  6 0.6075 0.3925 
   HI_SS0099  6 0.2794 0.7206 
   HI_SS0103  6 0.5885 0.4115 
   HI_SS0105  6 0.5371 0.4629 
   HI_SS0107  6 0.4196 0.5804 
   HI_SS0108  6 0.8292 0.1708 
   HI_SS0110  6 0.7291 0.2709 
   HI_SS0111  6 0.4847 0.5153 
   HI_SS0112  6 0.7666 0.2334 
   HI_SS0113  6 0.3028 0.6972 
   HI_SS0114  6 0.5524 0.4476 
   HI_SS0115  6 0.5395 0.4605 
   HI_SS0116  6 0.7616 0.2384 
   HI_SS0117  6 0.6808 0.3192 
   HI_SS0118  6 0.6866 0.3134 
   HI_SS0119  6 0.7188 0.2812 
   HI_SS0120  6 0.3878 0.6122 
   HI_SS0121  6 0.2238 0.7762 
   HI_SS0122  6 0.4931 0.5069 
   HI_SS0123  6 0.5675 0.4325 
   HI_SS0124  6 0.2472 0.7528 
   HI_SS0125  6 0.2444 0.7556 
   HI_SS0126  6 0.6975 0.3025 
   HI_SS0127  6 0.2908 0.7092 
   HI_SS0128  6 0.5714 0.4286 
   HI_SS0129  6 0.6205 0.3795 
   HI_SS0131  6 0.4616 0.5384 
   HI_SS0132  6 0.4241 0.5759 
   HI_SS0133  6 0.7707 0.2293 
   HI_SS0134  6 0.5841 0.4159 
   HI_SS0142  6 0.5251 0.4749 
   HI_SS0145  6 0.6167 0.3833 
   HI_SS0146  6 0.5683 0.4317 
   HI_SS0147  6 0.2343 0.7657 
   HI_SS0149  6 0.5304 0.4696 
   HI_SS0150  6 0.2446 0.7554 
   HI_SS0151  6 0.6506 0.3494 
   NS_SS1451  6 0.2284 0.7716 
   NS_SS1404  6 0.2628 0.7372 
   NS_SS1432  6 0.3919 0.6081 
   NS_SS1405  6 0.3492 0.6508 
   NS_SS1431  6 0.3231 0.6769 
   NS_SS1402  6 0.6926 0.3074 
   NS_SS1450  6 0.5909 0.4091 
   NS_SS1396  6 0.4588 0.5412 
   NS_SS1393  6 0.6796 0.3204 
   NS_SS1392  6 0.3324 0.6676 
   NS_SS1445  6 0.6498 0.3502 
   NS_SS1423  6 0.7364 0.2636 
   NS_SS1421  6 0.5937 0.4063 
   NS_SS1411  6 0.4490 0.5510 
   NS_SS1453  6 0.6552 0.3448 
   NS_SS1442  6 0.4578 0.5422 
   NS_SS1422  6 0.6410 0.3590 
   NS_SS1419  6 0.2569 0.7431 
   NS_SS1427  6 0.8237 0.1763 
   NS_SS1444  6 0.2606 0.7394 
   NS_SS1455  6 0.3439 0.6561 
   NS_SS1425  6 0.7994 0.2006 
   NS_SS1400  6 0.4744 0.5256 
   NS_SS1406  6 0.3713 0.6287 
   NS_SS1417  6 0.4536 0.5464 
   NS_SS1454  6 0.4390 0.5610 
   NS_SS1412  6 0.5322 0.4678 
   NS_SS1438  6 0.7107 0.2893 
   NS_SS1416  6 0.4412 0.5588 
   NS_SS1401  6 0.6908 0.3092 
   NS_SS1424  6 0.6309 0.3691 
   NS_SS1435  6 0.4149 0.5851 
   NS_SS1447  6 0.3069 0.6931 
   NS_SS1414  6 0.1820 0.8180 
   NS_SS1449  6 0.6082 0.3918 
   NS_SS1443  6 0.8275 0.1725 
   NS_SS1434  6 0.6777 0.3223 
   NS_SS1398  6 0.3587 0.6413 
   NS_SS1426  6 0.7622 0.2378 
   NS_SS1413  6 0.6675 0.3325 
   NS_SS1395  6 0.8004 0.1996 
   NS_SS1448  6 0.3066 0.6934 
   NS_SS1446  6 0.7437 0.2563 
   NS_SS1403  6 0.5763 0.4237 
   NS_SS1415  6 0.6235 0.3765 
   NS_SS1437  6 0.3658 0.6342 
   NS_SS1439  6 0.6292 0.3708 
   NS_SS1441  6 0.7205 0.2795 
   NS_SS1420  6 0.1913 0.8087 
   NS_SS1394  6 0.2342 0.7658 
   NS_SS1391  6 0.7362 0.2638 
   NS_SS1410  6 0.6533 0.3467 
   NS_SS1408  6 0.4336 0.5664 
   NS_SS1409  6 0.7173 0.2827 
   HI_SS0617  7 0.6501 0.3499 
   HI_SS0618  7 0.3392 0.6608 
   HI_SS0619  7 0.4449 0.5551 
   HI_SS0620  7 0.6579 0.3421 
   HI_SS0621  7 0.3982 0.6018 
   HI_SS0622  7 0.3564 0.6436 
   HI_SS0626  7 0.3002 0.6998 
   HI_SS0627  7 0.4930 0.5070 
   HI_SS0628  7 0.4926 0.5074 
   HI_SS0629  7 0.5318 0.4682 
   HI_SS0630  7 0.5795 0.4205 
   HI_SS0631  7 0.5153 0.4847 
   HI_SS0632  7 0.2990 0.7010 
   HI_SS0633  7 0.4552 0.5448 
   HI_SS0634  7 0.3978 0.6022 
   HI_SS0635  7 0.2523 0.7477 
   HI_SS0637  7 0.4751 0.5249 
   HI_SS0638  7 0.4218 0.5782 
   HI_SS0639  7 0.3102 0.6898 
   HI_SS0640  7 0.4695 0.5305 
   HI_SS0641  7 0.5073 0.4927 
   HI_SS0642  7 0.4856 0.5144 
   HI_SS0645  7 0.1440 0.8560 
   HI_SS0646  7 0.6783 0.3217 
   HI_SS0647  7 0.3913 0.6087 
   HI_SS0648  7 0.4066 0.5934 
   HI_SS0649  7 0.5996 0.4004 
   HI_SS0650  7 0.4983 0.5017 
   HI_SS0651  7 0.5399 0.4601 
   HI_SS0652  7 0.2361 0.7639 
   NS_SS1371  7 0.8060 0.1940 
   NS_SS1374  7 0.5571 0.4429 
   NS_SS1337  7 0.2201 0.7799 
   NS_SS1385  7 0.6349 0.3651 
   NS_SS1388  7 0.3742 0.6258 
   NS_SS1370  7 0.1998 0.8002 
   NS_SS1389  7 0.2304 0.7696 
   NS_SS1360  7 0.5210 0.4790 
   NS_SS1330  7 0.3013 0.6987 
   NS_SS1328  7 0.7196 0.2804 
   NS_SS1384  7 0.6296 0.3704 
   NS_SS1381  7 0.3992 0.6008 
   NS_SS1375  7 0.3139 0.6861 
   NS_SS1319  7 0.4861 0.5139 
   NS_SS1326  7 0.6495 0.3505 
   NS_SS1341  7 0.7186 0.2814 
   NS_SS1383  7 0.5183 0.4817 
   NS_SS1318  7 0.3644 0.6356 
   NS_SS1348  7 0.7990 0.2010 
   NS_SS1363  7 0.3561 0.6439 
   NS_SS1335  7 0.6085 0.3915 
   NS_SS1358  7 0.6548 0.3452 
   NS_SS1342  7 0.7700 0.2300 
   NS_SS1320  7 0.2549 0.7451 
   NS_SS1355  7 0.3995 0.6005 
   NS_SS1345  7 0.3251 0.6749 
   NS_SS1324  7 0.6176 0.3824 
   NS_SS1347  7 0.6783 0.3217 
   NS_SS1321  7 0.6677 0.3323 
   NS_SS1333  7 0.6801 0.3199 
   NS_SS1364  7 0.5747 0.4253 
   NS_SS1379  7 0.4683 0.5317 
   NS_SS1332  7 0.6648 0.3352 
   NS_SS1338  7 0.5382 0.4618 
   NS_SS1368  7 0.6451 0.3549 
   NS_SS1354  7 0.4921 0.5079 
   NS_SS1365  7 0.3084 0.6916 
   NS_SS1380  7 0.2403 0.7597 
   NS_SS1329  7 0.7297 0.2703 
   NS_SS1362  7 0.5948 0.4052 
   NS_SS1327  7 0.8485 0.1515 
   NS_SS1350  7 0.7787 0.2213 
   NS_SS1387  7 0.3137 0.6863 
   NS_SS1369  7 0.5529 0.4471 
   NS_SS1331  7 0.3533 0.6467 
   NS_SS1357  7 0.7165 0.2835 
   NS_SS1386  7 0.8213 0.1787 
   NS_SS1353  7 0.5306 0.4694 
   NS_SS1323  7 0.3490 0.6510 
   HI_SS0296  8 0.5747 0.4253 
   HI_SS0297  8 0.5310 0.4690 
   HI_SS0299  8 0.5459 0.4541 
   HI_SS0300  8 0.4343 0.5657 
   HI_SS0301  8 0.2465 0.7535 
   HI_SS0302  8 0.4126 0.5874 
   HI_SS0303  8 0.6638 0.3362 
   HI_SS0304  8 0.2686 0.7314 
   HI_SS0306  8 0.5143 0.4857 
   HI_SS0307  8 0.3401 0.6599 
   HI_SS0308  8 0.4447 0.5553 
   HI_SS0309  8 0.4805 0.5195 
   HI_SS0310  8 0.3493 0.6507 
   HI_SS0311  8 0.3499 0.6501 
   HI_SS0314  8 0.4576 0.5424 
   HI_SS0316  8 0.6050 0.3950 
   HI_SS0317  8 0.4702 0.5298 
   HI_SS0318  8 0.7454 0.2546 
   HI_SS0319  8 0.8332 0.1668 
   HI_SS0320  8 0.2821 0.7179 
   HI_SS0321  8 0.7901 0.2099 
   HI_SS0323  8 0.5417 0.4583 
   HI_SS0325  8 0.4343 0.5657 
   HI_SS0327  8 0.8801 0.1199 
   HI_SS0329  8 0.2604 0.7396 
   HI_SS0333  8 0.5467 0.4533 
   HI_SS0334  8 0.7633 0.2367 
   HI_SS0335  8 0.4172 0.5828 
   HI_SS0339  8 0.2801 0.7199 
   HI_SS0343  8 0.5634 0.4366 
   HI_SS0344  8 0.8486 0.1514 
   HI_SS0345  8 0.2993 0.7007 
   HI_SS0346  8 0.5316 0.4684 
   HI_SS0350  8 0.2336 0.7664 
   HI_SS0351  8 0.5785 0.4215 
   HI_SS0352  8 0.3648 0.6352 
   HI_SS0362  8 0.3279 0.6721 
   HI_SS0363  8 0.7869 0.2131 
   HI_SS0365  8 0.7300 0.2700 
   HI_SS0366  8 0.7963 0.2037 
   HI_SS0367  8 0.3079 0.6921 
   HI_SS0369  8 0.2534 0.7466 
   HI_SS0370  8 0.7508 0.2492 
   HI_SS0371  8 0.4984 0.5016 
   HI_SS0373  8 0.4261 0.5739 
   HI_SS0374  8 0.3888 0.6112 
   HI_SS0377  8 0.5362 0.4638 
   HI_SS0379  8 0.8481 0.1519 
   HI_SS0380  8 0.3895 0.6105 
   HI_SS0381  8 0.3384 0.6616 
   HI_SS0384  8 0.6179 0.3821 
   HI_SS0385  8 0.2770 0.7230 
