   NS_SS0963  1 0.5345 0.4655 
   NS_SS0983  1 0.1677 0.8323 
   NS_SS0719  1 0.4631 0.5369 
   NS_SS1001  1 0.7514 0.2486 
   NS_SS0936  1 0.4351 0.5649 
   NS_SS0955  1 0.2898 0.7102 
   NS_SS0944  1 0.4985 0.5015 
   NS_SS0945  1 0.5692 0.4308 
   NS_SS0922  1 0.7734 0.2266 
   NS_SS0929  1 0.3200 0.6800 
   NS_SS0956  1 0.8240 0.1760 
   NS_SS0906  1 0.4624 0.5376 
   NS_SS0721  1 0.6097 0.3903 
   NS_SS0982  1 0.5834 0.4166 
   NS_SS0923  1 0.6420 0.3580 
   NS_SS0905  1 0.4893 0.5107 
   NS_SS0925  1 0.5461 0.4539 
   NS_SS0947  1 0.6123 0.3877 
   NS_SS0926  1 0.3104 0.6896 
   NS_SS0918  1 0.7761 0.2239 
   NS_SS0966  1 0.5755 0.4245 
   NS_SS0938  1 0.6248 0.3752 
   NS_SS0917  1 0.2090 0.7910 
   NS_SS0957  1 0.7314 0.2686 
   NS_SS0987  1 0.8092 0.1908 
   NS_SS0717  1 0.7655 0.2345 
   NS_SS0986  1 0.6975 0.3025 
   NS_SS0953  1 0.6945 0.3055 
   NS_SS0907  1 0.3952 0.6048 
   NS_SS0974  1 0.3405 0.6595 
   NS_SS0989  1 0.1494 0.8506 
   NS_SS0991  1 0.5041 0.4959 
   NS_SS0994  1 0.1233 0.8767 
   NS_SS0931  1 0.5368 0.4632 
   NS_SS1000  1 0.6873 0.3127 
   NS_SS0919  1 0.2727 0.7273 
   NS_SS0949  1 0.1768 0.8232 
   NS_SS0960  1 0.3452 0.6548 
   NS_SS0716  1 0.8920 0.1080 
   NS_SS0924  1 0.3616 0.6384 
   NS_SS0935  1 0.3307 0.6693 
   NS_SS0952  1 0.2734 0.7266 
   NS_SS0962  1 0.7104 0.2896 
   NS_SS0973  1 0.3068 0.6932 
   NS_SS0722  1 0.7385 0.2615 
   NS_SS0979  1 0.7194 0.2806 
   NS_SS0993  1 0.6620 0.3380 
   NS_SS0958  1 0.3862 0.6138 
   NS_SS0988  1 0.5311 0.4689 
   NS_SS1003  1 0.8307 0.1693 
   NS_SS0976  1 0.3395 0.6605 
   NS_SS0964  1 0.8106 0.1894 
   NS_SS0939  1 0.8685 0.1315 
   NS_SS0990  1 0.6663 0.3337 
   NS_SS0984  1 0.8015 0.1985 
   NS_SS0980  1 0.3211 0.6789 
   NS_SS0978  1 0.4503 0.5497 
   NS_SS0951  1 0.6547 0.3453 
   NS_SS0913  1 0.7671 0.2329 
   NS_SS1002  1 0.6218 0.3782 
   NS_SS0948  1 0.5682 0.4318 
   NS_SS0916  1 0.2730 0.7270 
   NS_SS0995  1 0.4728 0.5272 
   NS_SS0927  1 0.2196 0.7804 
   NS_SS0992  1 0.2875 0.7125 
   NS_SS0912  1 0.6878 0.3122 
   NS_SS0981  1 0.7485 0.2515 
   NS_SS0729  2 0.1082 0.8918 
   NS_SS0967  2 0.4541 0.5459 
   NS_SS0941  2 0.5214 0.4786 
   NS_SS0768  2 0.6920 0.3080 
   NS_SS0726  2 0.1677 0.8323 
   NS_SS0763  2 0.2660 0.7340 
   NS_SS0730  2 0.7602 0.2398 
   NS_SS0774  2 0.6396 0.3604 
   NS_SS0723  2 0.6267 0.3733 
   NS_SS0940  2 0.4441 0.5559 
   NS_SS0762  2 0.8499 0.1501 
   NS_SS0766  2 0.5629 0.4371 
   NS_SS0724  2 0.7809 0.2191 
   NS_SS0769  2 0.5528 0.4472 
   NS_SS0777  2 0.5925 0.4075 
   NS_SS0734  2 0.5133 0.4867 
   NS_SS0737  2 0.6982 0.3018 
   NS_SS0732  2 0.7334 0.2666 
   NS_SS0728  2 0.5012 0.4988 
   NS_SS0735  2 0.5789 0.4211 
   NS_SS0725  2 0.7525 0.2475 
   NS_SS0788  2 0.4100 0.5900 
   NS_SS0778  2 0.4566 0.5434 
   NS_SS0792  2 0.4219 0.5781 
   NS_SS0943  2 0.3830 0.6170 
   NS_SS0791  2 0.4184 0.5816 
   NS_SS0790  2 0.8874 0.1126 
   NS_SS0731  2 0.8097 0.1903 
   NS_SS0727  2 0.2493 0.7507 
   NS_SS0779  2 0.5919 0.4081 
   NS_SS0776  2 0.6538 0.3462 
   NS_SS0775  2 0.7477 0.2523 
   NS_SS0965  3 0.7100 0.2900 
   NS_SS0754  3 0.3511 0.6489 
   NS_SS0838  3 0.4923 0.5077 
   NS_SS0839  3 0.7650 0.2350 
   NS_SS0832  3 0.8362 0.1638 
   NS_SS0820  3 0.7548 0.2452 
   NS_SS0886  3 0.4660 0.5340 
   NS_SS0748  3 0.4534 0.5466 
   NS_SS0884  3 0.4307 0.5693 
   NS_SS0752  3 0.4214 0.5786 
   NS_SS0862  3 0.7785 0.2215 
   NS_SS0787  3 0.1949 0.8051 
   NS_SS0843  3 0.4574 0.5426 
   NS_SS0856  3 0.5103 0.4897 
   NS_SS0846  3 0.2307 0.7693 
   NS_SS0825  3 0.5130 0.4870 
   NS_SS0757  3 0.4190 0.5810 
   NS_SS0876  3 0.5796 0.4204 
   NS_SS0903  3 0.3932 0.6068 
   NS_SS0875  3 0.7487 0.2513 
   NS_SS0740  3 0.4804 0.5196 
   NS_SS0811  3 0.8687 0.1313 
   NS_SS0751  3 0.5730 0.4270 
   NS_SS0891  3 0.6399 0.3601 
   NS_SS0867  3 0.3620 0.6380 
   NS_SS0890  3 0.4568 0.5432 
   NS_SS0866  3 0.2047 0.7953 
   NS_SS0755  3 0.6434 0.3566 
   NS_SS0758  3 0.4265 0.5735 
   NS_SS0840  3 0.7978 0.2022 
   NS_SS0889  3 0.4417 0.5583 
   NS_SS1010  3 0.5618 0.4382 
   NS_SS0888  3 0.1724 0.8276 
   NS_SS0837  3 0.7854 0.2146 
   NS_SS0794  3 0.2743 0.7257 
   NS_SS0823  3 0.6492 0.3508 
   NS_SS0829  3 0.3502 0.6498 
   NS_SS0844  3 0.5883 0.4117 
   NS_SS1008  3 0.4247 0.5753 
   NS_SS0881  3 0.5248 0.4752 
   NS_SS0834  3 0.6754 0.3246 
   NS_SS0744  3 0.3614 0.6386 
   NS_SS0899  3 0.8785 0.1215 
   NS_SS0804  3 0.8016 0.1984 
   NS_SS0781  3 0.7814 0.2186 
   NS_SS0822  3 0.4283 0.5717 
   NS_SS1004  3 0.5303 0.4697 
   NS_SS0746  3 0.4584 0.5416 
   NS_SS0880  3 0.6148 0.3852 
   NS_SS0879  3 0.6930 0.3070 
   NS_SS0753  3 0.3864 0.6136 
   NS_SS1007  3 0.3257 0.6743 
   NS_SS0872  3 0.6288 0.3712 
   NS_SS1005  3 0.5778 0.4222 
   NS_SS0892  3 0.5580 0.4420 
   NS_SS0898  3 0.5301 0.4699 
   NS_SS0801  3 0.6668 0.3332 
   NS_SS0827  3 0.6106 0.3894 
   NS_SS0853  3 0.7055 0.2945 
   NS_SS0780  3 0.7153 0.2847 
   NS_SS0826  3 0.6139 0.3861 
   NS_SS0818  3 0.8062 0.1938 
   NS_SS0745  3 0.9146 0.0854 
   NS_SS0849  3 0.7869 0.2131 
   NS_SS0739  3 0.5926 0.4074 
   NS_SS0799  3 0.2154 0.7846 
   NS_SS0756  3 0.8145 0.1855 
   NS_SS0802  3 0.2474 0.7526 
   NS_SS0747  3 0.3576 0.6424 
   NS_SS0835  3 0.1220 0.8780 
   NS_SS0742  3 0.4763 0.5237 
   NS_SS0760  3 0.2611 0.7389 
   NS_SS0803  3 0.5360 0.4640 
   NS_SS0828  3 0.5880 0.4120 
   NS_SS0865  3 0.5406 0.4594 
   NS_SS0759  3 0.7996 0.2004 
   NS_SS0851  3 0.8902 0.1098 
   NS_SS0874  3 0.5811 0.4189 
   NS_SS0761  3 0.2981 0.7019 
   NS_SS0842  3 0.4274 0.5726 
   NS_SS0785  3 0.3883 0.6117 
   NS_SS0860  3 0.1423 0.8577 
   NS_SS0897  3 0.2297 0.7703 
   NS_SS0841  3 0.8250 0.1750 
   NS_SS0797  3 0.5906 0.4094 
   NS_SS0830  3 0.6150 0.3850 
   NS_SS1011  3 0.7005 0.2995 
   NS_SS0883  3 0.3965 0.6035 
   NS_SS0782  3 0.4692 0.5308 
   NS_SS0831  3 0.4377 0.5623 
   NS_SS0749  3 0.4574 0.5426 
   NS_SS0854  3 0.2767 0.7233 
   HI_SS0193  4 0.4904 0.5096 
   HI_SS0194  4 0.6785 0.3215 
   HI_SS0195  4 0.8466 0.1534 
   HI_SS0196  4 0.4148 0.5852 
   HI_SS0197  4 0.3935 0.6065 
   HI_SS0198  4 0.4744 0.5256 
   HI_SS0199  4 0.2090 0.7910 
   HI_SS0201  4 0.2022 0.7978 
   HI_SS0215  4 0.2007 0.7993 
   HI_SS0218  4 0.2150 0.7850 
   HI_SS0222  4 0.6137 0.3863 
   HI_SS0230  4 0.6848 0.3152 
   HI_SS0234  4 0.2433 0.7567 
   HI_SS0240  4 0.4519 0.5481 
   HI_SS0241  4 0.2538 0.7462 
   HI_SS0242  4 0.5197 0.4803 
   HI_SS0247  4 0.6816 0.3184 
   HI_SS0248  4 0.2098 0.7902 
   HI_SS0252  4 0.6191 0.3809 
   HI_SS0254  4 0.2771 0.7229 
   HI_SS0256  4 0.8424 0.1576 
   HI_SS0257  4 0.1565 0.8435 
   HI_SS0258  4 0.3853 0.6147 
   HI_SS0259  4 0.5648 0.4352 
   HI_SS0260  4 0.2405 0.7595 
   HI_SS0261  4 0.3867 0.6133 
   HI_SS0262  4 0.6449 0.3551 
   HI_SS0264  4 0.7921 0.2079 
   HI_SS0265  4 0.5894 0.4106 
   HI_SS0268  4 0.5311 0.4689 
   HI_SS0269  4 0.0853 0.9147 
   HI_SS0273  4 0.3641 0.6359 
   HI_SS0277  4 0.4937 0.5063 
   HI_SS0280  4 0.6747 0.3253 
   HI_SS0282  4 0.3479 0.6521 
   HI_SS0286  4 0.4100 0.5900 
   NS_SS1252  5 0.1554 0.8446 
   NS_SS1261  5 0.3919 0.6081 
   NS_SS1225  5 0.2861 0.7139 
   NS_SS1266  5 0.7546 0.2454 
   NS_SS1228  5 0.7594 0.2406 
   NS_SS1255  5 0.5484 0.4516 
   NS_SS1267  5 0.1349 0.8651 
   NS_SS1238  5 0.6553 0.3447 
   NS_SS1233  5 0.8440 0.1560 
   NS_SS1277  5 0.3441 0.6559 
   NS_SS1245  5 0.4209 0.5791 
   NS_SS1240  5 0.1307 0.8693 
   NS_SS1275  5 0.8022 0.1978 
   NS_SS1235  5 0.3258 0.6742 
   NS_SS1263  5 0.7311 0.2689 
   NS_SS1251  5 0.6447 0.3553 
   NS_SS1248  5 0.8529 0.1471 
   NS_SS1244  5 0.4210 0.5790 
   NS_SS1257  5 0.3041 0.6959 
   NS_SS1242  5 0.7857 0.2143 
   NS_SS1271  5 0.1570 0.8430 
   NS_SS1265  5 0.3556 0.6444 
   NS_SS1243  5 0.7696 0.2304 
   NS_SS1273  5 0.8324 0.1676 
   NS_SS1254  5 0.6863 0.3137 
   NS_SS1224  5 0.8198 0.1802 
   NS_SS1227  5 0.1574 0.8426 
   NS_SS1274  5 0.3281 0.6719 
   NS_SS1241  5 0.3194 0.6806 
   NS_SS1256  5 0.4507 0.5493 
   NS_SS1260  5 0.1755 0.8245 
   NS_SS1262  5 0.3934 0.6066 
   NS_SS1230  5 0.4741 0.5259 
   NS_SS1270  5 0.7438 0.2562 
   NS_SS1229  5 0.2525 0.7475 
   NS_SS1246  5 0.1871 0.8129 
   NS_SS1269  5 0.5786 0.4214 
   NS_SS1239  5 0.6053 0.3947 
   NS_SS1272  5 0.4866 0.5134 
   NS_SS1268  5 0.8512 0.1488 
   NS_SS1249  5 0.1612 0.8388 
   HI_SS0559  6 0.5295 0.4705 
   HI_SS0563  6 0.4896 0.5104 
   HI_SS0564  6 0.5791 0.4209 
   HI_SS0565  6 0.3152 0.6848 
   HI_SS0569  6 0.2885 0.7115 
   HI_SS0570  6 0.2477 0.7523 
   HI_SS0572  6 0.5167 0.4833 
   HI_SS0576  6 0.7477 0.2523 
   HI_SS0579  6 0.2893 0.7107 
   HI_SS0580  6 0.4029 0.5971 
   HI_SS0581  6 0.7667 0.2333 
   HI_SS0583  6 0.2495 0.7505 
   HI_SS0586  6 0.3259 0.6741 
   HI_SS0588  6 0.3190 0.6810 
   HI_SS0595  6 0.2378 0.7622 
   HI_SS0596  6 0.6939 0.3061 
   HI_SS0597  6 0.5696 0.4304 
   HI_SS0600  6 0.3127 0.6873 
   HI_SS0601  6 0.3236 0.6764 
   HI_SS0602  6 0.4890 0.5110 
   HI_SS0604  6 0.5636 0.4364 
   HI_SS0605  6 0.4818 0.5182 
   HI_SS0608  6 0.6337 0.3663 
   HI_SS0609  6 0.6737 0.3263 
   HI_SS0611  6 0.2971 0.7029 
   HI_SS0612  6 0.3069 0.6931 
   HI_SS0613  6 0.7081 0.2919 
   HI_SS0615  6 0.7287 0.2713 
   HI_SS0001  6 0.3832 0.6168 
   HI_SS0002  6 0.6472 0.3528 
   HI_SS0004  6 0.4079 0.5921 
   HI_SS0005  6 0.7635 0.2365 
   HI_SS0006  6 0.3119 0.6881 
   HI_SS0007  6 0.6064 0.3936 
   HI_SS0008  6 0.5802 0.4198 
   HI_SS0009  6 0.7713 0.2287 
   HI_SS0010  6 0.5660 0.4340 
   HI_SS0011  6 0.7722 0.2278 
   HI_SS0012  6 0.4548 0.5452 
   HI_SS0017  6 0.7180 0.2820 
   HI_SS0021  6 0.4710 0.5290 
   HI_SS0024  6 0.7213 0.2787 
   HI_SS0025  6 0.7955 0.2045 
   HI_SS0027  6 0.4050 0.5950 
   HI_SS0028  6 0.8562 0.1438 
   HI_SS0029  6 0.5602 0.4398 
   HI_SS0030  6 0.3471 0.6529 
   HI_SS0031  6 0.2967 0.7033 
   HI_SS0034  6 0.1808 0.8192 
   HI_SS0036  6 0.3472 0.6528 
   HI_SS0037  6 0.3471 0.6529 
   HI_SS0039  6 0.5699 0.4301 
   HI_SS0041  6 0.7960 0.2040 
   HI_SS0042  6 0.7235 0.2765 
   HI_SS0043  6 0.1695 0.8305 
   HI_SS0044  6 0.3772 0.6228 
   HI_SS0047  6 0.6399 0.3601 
   HI_SS0049  6 0.6935 0.3065 
   HI_SS0051  6 0.6076 0.3924 
   HI_SS0053  6 0.1698 0.8302 
   HI_SS0054  6 0.3583 0.6417 
   HI_SS0057  6 0.7591 0.2409 
   HI_SS0058  6 0.4197 0.5803 
   HI_SS0060  6 0.6600 0.3400 
   HI_SS0087  6 0.3764 0.6236 
   HI_SS0091  6 0.1193 0.8807 
   HI_SS0095  6 0.3453 0.6547 
   HI_SS0097  6 0.3388 0.6612 
   HI_SS0099  6 0.7344 0.2656 
   HI_SS0103  6 0.3922 0.6078 
   HI_SS0105  6 0.4593 0.5407 
   HI_SS0107  6 0.6395 0.3605 
   HI_SS0108  6 0.1358 0.8642 
   HI_SS0110  6 0.2608 0.7392 
   HI_SS0111  6 0.5381 0.4619 
   HI_SS0112  6 0.1775 0.8225 
   HI_SS0113  6 0.7614 0.2386 
   HI_SS0114  6 0.4024 0.5976 
   HI_SS0115  6 0.4538 0.5462 
   HI_SS0116  6 0.2119 0.7881 
   HI_SS0117  6 0.3171 0.6829 
   HI_SS0118  6 0.2869 0.7131 
   HI_SS0119  6 0.2542 0.7458 
   HI_SS0120  6 0.6804 0.3196 
   HI_SS0121  6 0.8243 0.1757 
   HI_SS0122  6 0.5097 0.4903 
   HI_SS0123  6 0.4347 0.5653 
   HI_SS0124  6 0.7868 0.2132 
   HI_SS0125  6 0.8023 0.1977 
   HI_SS0126  6 0.2658 0.7342 
   HI_SS0127  6 0.7360 0.2640 
   HI_SS0128  6 0.4705 0.5295 
   HI_SS0129  6 0.3745 0.6255 
   HI_SS0131  6 0.4875 0.5125 
   HI_SS0132  6 0.6232 0.3768 
   HI_SS0133  6 0.1842 0.8158 
   HI_SS0134  6 0.3828 0.6172 
   HI_SS0142  6 0.4684 0.5316 
   HI_SS0145  6 0.3503 0.6497 
   HI_SS0146  6 0.3811 0.6189 
   HI_SS0147  6 0.8120 0.1880 
   HI_SS0149  6 0.5058 0.4942 
   HI_SS0150  6 0.8124 0.1876 
   HI_SS0151  6 0.3400 0.6600 
   NS_SS1451  6 0.8133 0.1867 
   NS_SS1404  6 0.7756 0.2244 
   NS_SS1432  6 0.6732 0.3268 
   NS_SS1405  6 0.6575 0.3425 
   NS_SS1431  6 0.7562 0.2438 
   NS_SS1402  6 0.2821 0.7179 
   NS_SS1450  6 0.4101 0.5899 
   NS_SS1396  6 0.5527 0.4473 
   NS_SS1393  6 0.2666 0.7334 
   NS_SS1392  6 0.7043 0.2957 
   NS_SS1445  6 0.2944 0.7056 
   NS_SS1423  6 0.2489 0.7511 
   NS_SS1421  6 0.3962 0.6038 
   NS_SS1411  6 0.5540 0.4460 
   NS_SS1453  6 0.3006 0.6994 
   NS_SS1442  6 0.5598 0.4402 
   NS_SS1422  6 0.3440 0.6560 
   NS_SS1419  6 0.7748 0.2252 
   NS_SS1427  6 0.1512 0.8488 
   NS_SS1444  6 0.7605 0.2395 
   NS_SS1455  6 0.7187 0.2813 
   NS_SS1425  6 0.1459 0.8541 
   NS_SS1400  6 0.4978 0.5022 
   NS_SS1406  6 0.6876 0.3124 
   NS_SS1417  6 0.5713 0.4287 
   NS_SS1454  6 0.5909 0.4091 
   NS_SS1412  6 0.4720 0.5280 
   NS_SS1438  6 0.2486 0.7514 
   NS_SS1416  6 0.5700 0.4300 
   NS_SS1401  6 0.2717 0.7283 
   NS_SS1424  6 0.3403 0.6597 
   NS_SS1435  6 0.6246 0.3754 
   NS_SS1447  6 0.7386 0.2614 
   NS_SS1414  6 0.8449 0.1551 
   NS_SS1449  6 0.3884 0.6116 
   NS_SS1443  6 0.1398 0.8602 
   NS_SS1434  6 0.2926 0.7074 
   NS_SS1398  6 0.6714 0.3286 
   NS_SS1426  6 0.1923 0.8077 
   NS_SS1413  6 0.2951 0.7049 
   NS_SS1395  6 0.1678 0.8322 
   NS_SS1448  6 0.7206 0.2794 
   NS_SS1446  6 0.2228 0.7772 
   NS_SS1403  6 0.4057 0.5943 
   NS_SS1415  6 0.3174 0.6826 
   NS_SS1437  6 0.6968 0.3032 
   NS_SS1439  6 0.3448 0.6552 
   NS_SS1441  6 0.2154 0.7846 
   NS_SS1420  6 0.8491 0.1509 
   NS_SS1394  6 0.8207 0.1793 
   NS_SS1391  6 0.2213 0.7787 
   NS_SS1410  6 0.3144 0.6856 
   NS_SS1408  6 0.5828 0.4172 
   NS_SS1409  6 0.2464 0.7536 
   HI_SS0617  7 0.3148 0.6852 
   HI_SS0618  7 0.7021 0.2979 
   HI_SS0619  7 0.5536 0.4464 
   HI_SS0620  7 0.2683 0.7317 
   HI_SS0621  7 0.6252 0.3748 
   HI_SS0622  7 0.6564 0.3436 
   HI_SS0626  7 0.7351 0.2649 
   HI_SS0627  7 0.5576 0.4424 
   HI_SS0628  7 0.5133 0.4867 
   HI_SS0629  7 0.4515 0.5485 
   HI_SS0630  7 0.3763 0.6237 
   HI_SS0631  7 0.4656 0.5344 
   HI_SS0632  7 0.7420 0.2580 
   HI_SS0633  7 0.5531 0.4469 
   HI_SS0634  7 0.6178 0.3822 
   HI_SS0635  7 0.7869 0.2131 
   HI_SS0637  7 0.5284 0.4716 
   HI_SS0638  7 0.6149 0.3851 
   HI_SS0639  7 0.7383 0.2617 
   HI_SS0640  7 0.5485 0.4515 
   HI_SS0641  7 0.4295 0.5705 
   HI_SS0642  7 0.6021 0.3979 
   HI_SS0645  7 0.8854 0.1146 
   HI_SS0646  7 0.3114 0.6886 
   HI_SS0647  7 0.6557 0.3443 
   HI_SS0648  7 0.6143 0.3857 
   HI_SS0649  7 0.3832 0.6168 
   HI_SS0650  7 0.5364 0.4636 
   HI_SS0651  7 0.4662 0.5338 
   HI_SS0652  7 0.8059 0.1941 
   NS_SS1371  7 0.1622 0.8378 
   NS_SS1374  7 0.4289 0.5711 
   NS_SS1337  7 0.8343 0.1657 
   NS_SS1385  7 0.3297 0.6703 
   NS_SS1388  7 0.6683 0.3317 
   NS_SS1370  7 0.8329 0.1671 
   NS_SS1389  7 0.8126 0.1874 
   NS_SS1360  7 0.4305 0.5695 
   NS_SS1330  7 0.7362 0.2638 
   NS_SS1328  7 0.2707 0.7293 
   NS_SS1384  7 0.3595 0.6405 
   NS_SS1381  7 0.6561 0.3439 
   NS_SS1375  7 0.7379 0.2621 
   NS_SS1319  7 0.5033 0.4967 
   NS_SS1326  7 0.2944 0.7056 
   NS_SS1341  7 0.2484 0.7516 
   NS_SS1383  7 0.5032 0.4968 
   NS_SS1318  7 0.6556 0.3444 
   NS_SS1348  7 0.1565 0.8435 
   NS_SS1363  7 0.6543 0.3457 
   NS_SS1335  7 0.3488 0.6512 
   NS_SS1358  7 0.3185 0.6815 
   NS_SS1342  7 0.1957 0.8043 
   NS_SS1320  7 0.7914 0.2086 
   NS_SS1355  7 0.6581 0.3419 
   NS_SS1345  7 0.7225 0.2775 
   NS_SS1324  7 0.3553 0.6447 
   NS_SS1347  7 0.2820 0.7180 
   NS_SS1321  7 0.2818 0.7182 
   NS_SS1333  7 0.2833 0.7167 
   NS_SS1364  7 0.4146 0.5854 
   NS_SS1379  7 0.5735 0.4265 
   NS_SS1332  7 0.2909 0.7091 
   NS_SS1338  7 0.4485 0.5515 
   NS_SS1368  7 0.3253 0.6747 
   NS_SS1354  7 0.4887 0.5113 
   NS_SS1365  7 0.7546 0.2454 
   NS_SS1380  7 0.7962 0.2038 
   NS_SS1329  7 0.2351 0.7649 
   NS_SS1362  7 0.3774 0.6226 
   NS_SS1327  7 0.1118 0.8882 
   NS_SS1350  7 0.1780 0.8220 
   NS_SS1387  7 0.7149 0.2851 
   NS_SS1369  7 0.4358 0.5642 
   NS_SS1331  7 0.7014 0.2986 
   NS_SS1357  7 0.2452 0.7548 
   NS_SS1386  7 0.1425 0.8575 
   NS_SS1353  7 0.5074 0.4926 
   NS_SS1323  7 0.7032 0.2968 
   HI_SS0296  8 0.4032 0.5968 
   HI_SS0297  8 0.5152 0.4848 
   HI_SS0299  8 0.4958 0.5042 
   HI_SS0300  8 0.5925 0.4075 
   HI_SS0301  8 0.7957 0.2043 
   HI_SS0302  8 0.5742 0.4258 
   HI_SS0303  8 0.3022 0.6978 
   HI_SS0304  8 0.7801 0.2199 
   HI_SS0306  8 0.4620 0.5380 
   HI_SS0307  8 0.6869 0.3131 
   HI_SS0308  8 0.5543 0.4457 
   HI_SS0309  8 0.5255 0.4745 
   HI_SS0310  8 0.7090 0.2910 
   HI_SS0311  8 0.6955 0.3045 
   HI_SS0314  8 0.5722 0.4278 
   HI_SS0316  8 0.3552 0.6448 
   HI_SS0317  8 0.5369 0.4631 
   HI_SS0318  8 0.2289 0.7711 
   HI_SS0319  8 0.1247 0.8753 
   HI_SS0320  8 0.7627 0.2373 
   HI_SS0321  8 0.1674 0.8326 
   HI_SS0323  8 0.4294 0.5706 
   HI_SS0325  8 0.5735 0.4265 
   HI_SS0327  8 0.0953 0.9047 
   HI_SS0329  8 0.8020 0.1980 
   HI_SS0333  8 0.4208 0.5792 
   HI_SS0334  8 0.2014 0.7986 
   HI_SS0335  8 0.6254 0.3746 
   HI_SS0339  8 0.7579 0.2421 
   HI_SS0343  8 0.4696 0.5304 
   HI_SS0344  8 0.1109 0.8891 
   HI_SS0345  8 0.7478 0.2522 
   HI_SS0346  8 0.5277 0.4723 
   HI_SS0350  8 0.7886 0.2114 
   HI_SS0351  8 0.4509 0.5491 
   HI_SS0352  8 0.6763 0.3237 
   HI_SS0362  8 0.6931 0.3069 
   HI_SS0363  8 0.1669 0.8331 
   HI_SS0365  8 0.2174 0.7826 
   HI_SS0366  8 0.1611 0.8389 
   HI_SS0367  8 0.7314 0.2686 
   HI_SS0369  8 0.7861 0.2139 
   HI_SS0370  8 0.2180 0.7820 
   HI_SS0371  8 0.5036 0.4964 
   HI_SS0373  8 0.5572 0.4428 
   HI_SS0374  8 0.6326 0.3674 
   HI_SS0377  8 0.4456 0.5544 
   HI_SS0379  8 0.1186 0.8814 
   HI_SS0380  8 0.6689 0.3311 
   HI_SS0381  8 0.6966 0.3034 
   HI_SS0384  8 0.3849 0.6151 
   HI_SS0385  8 0.7752 0.2248 
