   NS_SS0963  1 0.5024 0.4976 
   NS_SS0983  1 0.1572 0.8428 
   NS_SS0719  1 0.4262 0.5738 
   NS_SS1001  1 0.7805 0.2195 
   NS_SS0936  1 0.4258 0.5742 
   NS_SS0955  1 0.2922 0.7078 
   NS_SS0944  1 0.5103 0.4897 
   NS_SS0945  1 0.5799 0.4201 
   NS_SS0922  1 0.7954 0.2046 
   NS_SS0929  1 0.2962 0.7038 
   NS_SS0956  1 0.8406 0.1594 
   NS_SS0906  1 0.4488 0.5512 
   NS_SS0721  1 0.6035 0.3965 
   NS_SS0982  1 0.5758 0.4242 
   NS_SS0923  1 0.6084 0.3916 
   NS_SS0905  1 0.4650 0.5350 
   NS_SS0925  1 0.5572 0.4428 
   NS_SS0947  1 0.6245 0.3755 
   NS_SS0926  1 0.3096 0.6904 
   NS_SS0918  1 0.7982 0.2018 
   NS_SS0966  1 0.5669 0.4331 
   NS_SS0938  1 0.6189 0.3811 
   NS_SS0917  1 0.1974 0.8026 
   NS_SS0957  1 0.7398 0.2602 
   NS_SS0987  1 0.8230 0.1770 
   NS_SS0717  1 0.7691 0.2309 
   NS_SS0986  1 0.6868 0.3132 
   NS_SS0953  1 0.7133 0.2867 
   NS_SS0907  1 0.3849 0.6151 
   NS_SS0974  1 0.3424 0.6576 
   NS_SS0989  1 0.1407 0.8593 
   NS_SS0991  1 0.4936 0.5064 
   NS_SS0994  1 0.1293 0.8707 
   NS_SS0931  1 0.5577 0.4423 
   NS_SS1000  1 0.7089 0.2911 
   NS_SS0919  1 0.2327 0.7673 
   NS_SS0949  1 0.1733 0.8267 
   NS_SS0960  1 0.3350 0.6650 
   NS_SS0716  1 0.9031 0.0969 
   NS_SS0924  1 0.3551 0.6449 
   NS_SS0935  1 0.3059 0.6941 
   NS_SS0952  1 0.2593 0.7407 
   NS_SS0962  1 0.7400 0.2600 
   NS_SS0973  1 0.2840 0.7160 
   NS_SS0722  1 0.7551 0.2449 
   NS_SS0979  1 0.7063 0.2937 
   NS_SS0993  1 0.6644 0.3356 
   NS_SS0958  1 0.3730 0.6270 
   NS_SS0988  1 0.5418 0.4582 
   NS_SS1003  1 0.8303 0.1697 
   NS_SS0976  1 0.3276 0.6724 
   NS_SS0964  1 0.8186 0.1814 
   NS_SS0939  1 0.8745 0.1255 
   NS_SS0990  1 0.7027 0.2973 
   NS_SS0984  1 0.8017 0.1983 
   NS_SS0980  1 0.3062 0.6938 
   NS_SS0978  1 0.4066 0.5934 
   NS_SS0951  1 0.6922 0.3078 
   NS_SS0913  1 0.7779 0.2221 
   NS_SS1002  1 0.6139 0.3861 
   NS_SS0948  1 0.5822 0.4178 
   NS_SS0916  1 0.2417 0.7583 
   NS_SS0995  1 0.4570 0.5430 
   NS_SS0927  1 0.1933 0.8067 
   NS_SS0992  1 0.2626 0.7374 
   NS_SS0912  1 0.7054 0.2946 
   NS_SS0981  1 0.7420 0.2580 
   NS_SS0729  2 0.1029 0.8971 
   NS_SS0967  2 0.4563 0.5437 
   NS_SS0941  2 0.4995 0.5005 
   NS_SS0768  2 0.7191 0.2809 
   NS_SS0726  2 0.1583 0.8417 
   NS_SS0763  2 0.2272 0.7728 
   NS_SS0730  2 0.7726 0.2274 
   NS_SS0774  2 0.6449 0.3551 
   NS_SS0723  2 0.6281 0.3719 
   NS_SS0940  2 0.4088 0.5912 
   NS_SS0762  2 0.8533 0.1467 
   NS_SS0766  2 0.5210 0.4790 
   NS_SS0724  2 0.7849 0.2151 
   NS_SS0769  2 0.5267 0.4733 
   NS_SS0777  2 0.5834 0.4166 
   NS_SS0734  2 0.5198 0.4802 
   NS_SS0737  2 0.6806 0.3194 
   NS_SS0732  2 0.7356 0.2644 
   NS_SS0728  2 0.4744 0.5256 
   NS_SS0735  2 0.5797 0.4203 
   NS_SS0725  2 0.7639 0.2361 
   NS_SS0788  2 0.3686 0.6314 
   NS_SS0778  2 0.4135 0.5865 
   NS_SS0792  2 0.4216 0.5784 
   NS_SS0943  2 0.3902 0.6098 
   NS_SS0791  2 0.4059 0.5941 
   NS_SS0790  2 0.8863 0.1137 
   NS_SS0731  2 0.8091 0.1909 
   NS_SS0727  2 0.2418 0.7582 
   NS_SS0779  2 0.5373 0.4627 
   NS_SS0776  2 0.6277 0.3723 
   NS_SS0775  2 0.7598 0.2402 
   NS_SS0965  3 0.7118 0.2882 
   NS_SS0754  3 0.3554 0.6446 
   NS_SS0838  3 0.4809 0.5191 
   NS_SS0839  3 0.7520 0.2480 
   NS_SS0832  3 0.8376 0.1624 
   NS_SS0820  3 0.7649 0.2351 
   NS_SS0886  3 0.4210 0.5790 
   NS_SS0748  3 0.4524 0.5476 
   NS_SS0884  3 0.4006 0.5994 
   NS_SS0752  3 0.4040 0.5960 
   NS_SS0862  3 0.7857 0.2143 
   NS_SS0787  3 0.2209 0.7791 
   NS_SS0843  3 0.4232 0.5768 
   NS_SS0856  3 0.5026 0.4974 
   NS_SS0846  3 0.2146 0.7854 
   NS_SS0825  3 0.5056 0.4944 
   NS_SS0757  3 0.4045 0.5955 
   NS_SS0876  3 0.5691 0.4309 
   NS_SS0903  3 0.4031 0.5969 
   NS_SS0875  3 0.7523 0.2477 
   NS_SS0740  3 0.4488 0.5512 
   NS_SS0811  3 0.8698 0.1302 
   NS_SS0751  3 0.5622 0.4378 
   NS_SS0891  3 0.6231 0.3769 
   NS_SS0867  3 0.3703 0.6297 
   NS_SS0890  3 0.4302 0.5698 
   NS_SS0866  3 0.2396 0.7604 
   NS_SS0755  3 0.6304 0.3696 
   NS_SS0758  3 0.4023 0.5977 
   NS_SS0840  3 0.7938 0.2062 
   NS_SS0889  3 0.4716 0.5284 
   NS_SS1010  3 0.5546 0.4454 
   NS_SS0888  3 0.1726 0.8274 
   NS_SS0837  3 0.7890 0.2110 
   NS_SS0794  3 0.2719 0.7281 
   NS_SS0823  3 0.6568 0.3432 
   NS_SS0829  3 0.3679 0.6321 
   NS_SS0844  3 0.5687 0.4313 
   NS_SS1008  3 0.4266 0.5734 
   NS_SS0881  3 0.5136 0.4864 
   NS_SS0834  3 0.6820 0.3180 
   NS_SS0744  3 0.3349 0.6651 
   NS_SS0899  3 0.8857 0.1143 
   NS_SS0804  3 0.7794 0.2206 
   NS_SS0781  3 0.7476 0.2524 
   NS_SS0822  3 0.4347 0.5653 
   NS_SS1004  3 0.4918 0.5082 
   NS_SS0746  3 0.4510 0.5490 
   NS_SS0880  3 0.5888 0.4112 
   NS_SS0879  3 0.7197 0.2803 
   NS_SS0753  3 0.4057 0.5943 
   NS_SS1007  3 0.3076 0.6924 
   NS_SS0872  3 0.6298 0.3702 
   NS_SS1005  3 0.5498 0.4502 
   NS_SS0892  3 0.5234 0.4766 
   NS_SS0898  3 0.5195 0.4805 
   NS_SS0801  3 0.6755 0.3245 
   NS_SS0827  3 0.6308 0.3692 
   NS_SS0853  3 0.7187 0.2813 
   NS_SS0780  3 0.7160 0.2840 
   NS_SS0826  3 0.6390 0.3610 
   NS_SS0818  3 0.8158 0.1842 
   NS_SS0745  3 0.9176 0.0824 
   NS_SS0849  3 0.7966 0.2034 
   NS_SS0739  3 0.5792 0.4208 
   NS_SS0799  3 0.2116 0.7884 
   NS_SS0756  3 0.8320 0.1680 
   NS_SS0802  3 0.2271 0.7729 
   NS_SS0747  3 0.2999 0.7001 
   NS_SS0835  3 0.1081 0.8919 
   NS_SS0742  3 0.4471 0.5529 
   NS_SS0760  3 0.2613 0.7387 
   NS_SS0803  3 0.5453 0.4547 
   NS_SS0828  3 0.5996 0.4004 
   NS_SS0865  3 0.5110 0.4890 
   NS_SS0759  3 0.7989 0.2011 
   NS_SS0851  3 0.8989 0.1011 
   NS_SS0874  3 0.6003 0.3997 
   NS_SS0761  3 0.2953 0.7047 
   NS_SS0842  3 0.4889 0.5111 
   NS_SS0785  3 0.3694 0.6306 
   NS_SS0860  3 0.1382 0.8618 
   NS_SS0897  3 0.2151 0.7849 
   NS_SS0841  3 0.8459 0.1541 
   NS_SS0797  3 0.5843 0.4157 
   NS_SS0830  3 0.6380 0.3620 
   NS_SS1011  3 0.6933 0.3067 
   NS_SS0883  3 0.3720 0.6280 
   NS_SS0782  3 0.4928 0.5072 
   NS_SS0831  3 0.4237 0.5763 
   NS_SS0749  3 0.4315 0.5685 
   NS_SS0854  3 0.2537 0.7463 
   HI_SS0193  4 0.4963 0.5037 
   HI_SS0194  4 0.6627 0.3373 
   HI_SS0195  4 0.8455 0.1545 
   HI_SS0196  4 0.4359 0.5641 
   HI_SS0197  4 0.3717 0.6283 
   HI_SS0198  4 0.4568 0.5432 
   HI_SS0199  4 0.2100 0.7900 
   HI_SS0201  4 0.2041 0.7959 
   HI_SS0215  4 0.1822 0.8178 
   HI_SS0218  4 0.1941 0.8059 
   HI_SS0222  4 0.6325 0.3675 
   HI_SS0230  4 0.6704 0.3296 
   HI_SS0234  4 0.2319 0.7681 
   HI_SS0240  4 0.4183 0.5817 
   HI_SS0241  4 0.2253 0.7747 
   HI_SS0242  4 0.5432 0.4568 
   HI_SS0247  4 0.6713 0.3287 
   HI_SS0248  4 0.2090 0.7910 
   HI_SS0252  4 0.6277 0.3723 
   HI_SS0254  4 0.2518 0.7482 
   HI_SS0256  4 0.8272 0.1728 
   HI_SS0257  4 0.1365 0.8635 
   HI_SS0258  4 0.3916 0.6084 
   HI_SS0259  4 0.5552 0.4448 
   HI_SS0260  4 0.2326 0.7674 
   HI_SS0261  4 0.3707 0.6293 
   HI_SS0262  4 0.6563 0.3437 
   HI_SS0264  4 0.7941 0.2059 
   HI_SS0265  4 0.6122 0.3878 
   HI_SS0268  4 0.4973 0.5027 
   HI_SS0269  4 0.0830 0.9170 
   HI_SS0273  4 0.3601 0.6399 
   HI_SS0277  4 0.4820 0.5180 
   HI_SS0280  4 0.6645 0.3355 
   HI_SS0282  4 0.3567 0.6433 
   HI_SS0286  4 0.3796 0.6204 
   NS_SS1252  5 0.1398 0.8602 
   NS_SS1261  5 0.3646 0.6354 
   NS_SS1225  5 0.2718 0.7282 
   NS_SS1266  5 0.7467 0.2533 
   NS_SS1228  5 0.7640 0.2360 
   NS_SS1255  5 0.5926 0.4074 
   NS_SS1267  5 0.1364 0.8636 
   NS_SS1238  5 0.7045 0.2955 
   NS_SS1233  5 0.8538 0.1462 
   NS_SS1277  5 0.3637 0.6363 
   NS_SS1245  5 0.4167 0.5833 
   NS_SS1240  5 0.1216 0.8784 
   NS_SS1275  5 0.8039 0.1961 
   NS_SS1235  5 0.3223 0.6777 
   NS_SS1263  5 0.7431 0.2569 
   NS_SS1251  5 0.6353 0.3647 
   NS_SS1248  5 0.8700 0.1300 
   NS_SS1244  5 0.3905 0.6095 
   NS_SS1257  5 0.2769 0.7231 
   NS_SS1242  5 0.8026 0.1974 
   NS_SS1271  5 0.1623 0.8377 
   NS_SS1265  5 0.3621 0.6379 
   NS_SS1243  5 0.7901 0.2099 
   NS_SS1273  5 0.8379 0.1621 
   NS_SS1254  5 0.6727 0.3273 
   NS_SS1224  5 0.8329 0.1671 
   NS_SS1227  5 0.1437 0.8563 
   NS_SS1274  5 0.2983 0.7017 
   NS_SS1241  5 0.2891 0.7109 
   NS_SS1256  5 0.4449 0.5551 
   NS_SS1260  5 0.1693 0.8307 
   NS_SS1262  5 0.3874 0.6126 
   NS_SS1230  5 0.4396 0.5604 
   NS_SS1270  5 0.7607 0.2393 
   NS_SS1229  5 0.2238 0.7762 
   NS_SS1246  5 0.1687 0.8313 
   NS_SS1269  5 0.5612 0.4388 
   NS_SS1239  5 0.6017 0.3983 
   NS_SS1272  5 0.4784 0.5216 
   NS_SS1268  5 0.8595 0.1405 
   NS_SS1249  5 0.1510 0.8490 
   HI_SS0559  6 0.5280 0.4720 
   HI_SS0563  6 0.5229 0.4771 
   HI_SS0564  6 0.5810 0.4190 
   HI_SS0565  6 0.2871 0.7129 
   HI_SS0569  6 0.2591 0.7409 
   HI_SS0570  6 0.2225 0.7775 
   HI_SS0572  6 0.4921 0.5079 
   HI_SS0576  6 0.7447 0.2553 
   HI_SS0579  6 0.2784 0.7216 
   HI_SS0580  6 0.3935 0.6065 
   HI_SS0581  6 0.7473 0.2527 
   HI_SS0583  6 0.2339 0.7661 
   HI_SS0586  6 0.3260 0.6740 
   HI_SS0588  6 0.2966 0.7034 
   HI_SS0595  6 0.2216 0.7784 
   HI_SS0596  6 0.6923 0.3077 
   HI_SS0597  6 0.5282 0.4718 
   HI_SS0600  6 0.2840 0.7160 
   HI_SS0601  6 0.2869 0.7131 
   HI_SS0602  6 0.4411 0.5589 
   HI_SS0604  6 0.5374 0.4626 
   HI_SS0605  6 0.4832 0.5168 
   HI_SS0608  6 0.6158 0.3842 
   HI_SS0609  6 0.6590 0.3410 
   HI_SS0611  6 0.2889 0.7111 
   HI_SS0612  6 0.2759 0.7241 
   HI_SS0613  6 0.7102 0.2898 
   HI_SS0615  6 0.7226 0.2774 
   HI_SS0001  6 0.3544 0.6456 
   HI_SS0002  6 0.6384 0.3616 
   HI_SS0004  6 0.4057 0.5943 
   HI_SS0005  6 0.7666 0.2334 
   HI_SS0006  6 0.3160 0.6840 
   HI_SS0007  6 0.6530 0.3470 
   HI_SS0008  6 0.5783 0.4217 
   HI_SS0009  6 0.7921 0.2079 
   HI_SS0010  6 0.5977 0.4023 
   HI_SS0011  6 0.7935 0.2065 
   HI_SS0012  6 0.4121 0.5879 
   HI_SS0017  6 0.7254 0.2746 
   HI_SS0021  6 0.4947 0.5053 
   HI_SS0024  6 0.7327 0.2673 
   HI_SS0025  6 0.8082 0.1918 
   HI_SS0027  6 0.4001 0.5999 
   HI_SS0028  6 0.8558 0.1442 
   HI_SS0029  6 0.5655 0.4345 
   HI_SS0030  6 0.3316 0.6684 
   HI_SS0031  6 0.2611 0.7389 
   HI_SS0034  6 0.1710 0.8290 
   HI_SS0036  6 0.3353 0.6647 
   HI_SS0037  6 0.3383 0.6617 
   HI_SS0039  6 0.5606 0.4394 
   HI_SS0041  6 0.7932 0.2068 
   HI_SS0042  6 0.7241 0.2759 
   HI_SS0043  6 0.1570 0.8430 
   HI_SS0044  6 0.3611 0.6389 
   HI_SS0047  6 0.6279 0.3721 
   HI_SS0049  6 0.6943 0.3057 
   HI_SS0051  6 0.6419 0.3581 
   HI_SS0053  6 0.1421 0.8579 
   HI_SS0054  6 0.3520 0.6480 
   HI_SS0057  6 0.7732 0.2268 
   HI_SS0058  6 0.4094 0.5906 
   HI_SS0060  6 0.6606 0.3394 
   HI_SS0087  6 0.3633 0.6367 
   HI_SS0091  6 0.1014 0.8986 
   HI_SS0095  6 0.3381 0.6619 
   HI_SS0097  6 0.3541 0.6459 
   HI_SS0099  6 0.7426 0.2574 
   HI_SS0103  6 0.3937 0.6063 
   HI_SS0105  6 0.4463 0.5537 
   HI_SS0107  6 0.6507 0.3493 
   HI_SS0108  6 0.1322 0.8678 
   HI_SS0110  6 0.2166 0.7834 
   HI_SS0111  6 0.5313 0.4687 
   HI_SS0112  6 0.1667 0.8333 
   HI_SS0113  6 0.7745 0.2255 
   HI_SS0114  6 0.4039 0.5961 
   HI_SS0115  6 0.4278 0.5722 
   HI_SS0116  6 0.2147 0.7853 
   HI_SS0117  6 0.2808 0.7192 
   HI_SS0118  6 0.2798 0.7202 
   HI_SS0119  6 0.2256 0.7744 
   HI_SS0120  6 0.6866 0.3134 
   HI_SS0121  6 0.8274 0.1726 
   HI_SS0122  6 0.5229 0.4771 
   HI_SS0123  6 0.4257 0.5743 
   HI_SS0124  6 0.8008 0.1992 
   HI_SS0125  6 0.8103 0.1897 
   HI_SS0126  6 0.2599 0.7401 
   HI_SS0127  6 0.7344 0.2656 
   HI_SS0128  6 0.4532 0.5468 
   HI_SS0129  6 0.3433 0.6567 
   HI_SS0131  6 0.5037 0.4963 
   HI_SS0132  6 0.5936 0.4064 
   HI_SS0133  6 0.1896 0.8104 
   HI_SS0134  6 0.3693 0.6307 
   HI_SS0142  6 0.4411 0.5589 
   HI_SS0145  6 0.3331 0.6669 
   HI_SS0146  6 0.4036 0.5964 
   HI_SS0147  6 0.8264 0.1736 
   HI_SS0149  6 0.4819 0.5181 
   HI_SS0150  6 0.8046 0.1954 
   HI_SS0151  6 0.3019 0.6981 
   NS_SS1451  6 0.8168 0.1832 
   NS_SS1404  6 0.8022 0.1978 
   NS_SS1432  6 0.6573 0.3427 
   NS_SS1405  6 0.7061 0.2939 
   NS_SS1431  6 0.7447 0.2553 
   NS_SS1402  6 0.2569 0.7431 
   NS_SS1450  6 0.4152 0.5848 
   NS_SS1396  6 0.5347 0.4653 
   NS_SS1393  6 0.2455 0.7545 
   NS_SS1392  6 0.7253 0.2747 
   NS_SS1445  6 0.3019 0.6981 
   NS_SS1423  6 0.2285 0.7715 
   NS_SS1421  6 0.4182 0.5818 
   NS_SS1411  6 0.5869 0.4131 
   NS_SS1453  6 0.2963 0.7037 
   NS_SS1442  6 0.5597 0.4403 
   NS_SS1422  6 0.3408 0.6592 
   NS_SS1419  6 0.7706 0.2294 
   NS_SS1427  6 0.1416 0.8584 
   NS_SS1444  6 0.7887 0.2113 
   NS_SS1455  6 0.7327 0.2673 
   NS_SS1425  6 0.1441 0.8559 
   NS_SS1400  6 0.5291 0.4709 
   NS_SS1406  6 0.6644 0.3356 
   NS_SS1417  6 0.5962 0.4038 
   NS_SS1454  6 0.5747 0.4253 
   NS_SS1412  6 0.4710 0.5290 
   NS_SS1438  6 0.2324 0.7676 
   NS_SS1416  6 0.5862 0.4138 
   NS_SS1401  6 0.2444 0.7556 
   NS_SS1424  6 0.3845 0.6155 
   NS_SS1435  6 0.6187 0.3813 
   NS_SS1447  6 0.7563 0.2437 
   NS_SS1414  6 0.8662 0.1338 
   NS_SS1449  6 0.3814 0.6186 
   NS_SS1443  6 0.1220 0.8780 
   NS_SS1434  6 0.2936 0.7064 
   NS_SS1398  6 0.6722 0.3278 
   NS_SS1426  6 0.1804 0.8196 
   NS_SS1413  6 0.2894 0.7106 
   NS_SS1395  6 0.1492 0.8508 
   NS_SS1448  6 0.7226 0.2774 
   NS_SS1446  6 0.2099 0.7901 
   NS_SS1403  6 0.3673 0.6327 
   NS_SS1415  6 0.3283 0.6717 
   NS_SS1437  6 0.6881 0.3119 
   NS_SS1439  6 0.3020 0.6980 
   NS_SS1441  6 0.1968 0.8032 
   NS_SS1420  6 0.8635 0.1365 
   NS_SS1394  6 0.8234 0.1766 
   NS_SS1391  6 0.2322 0.7678 
   NS_SS1410  6 0.3272 0.6728 
   NS_SS1408  6 0.5796 0.4204 
   NS_SS1409  6 0.2467 0.7533 
   HI_SS0617  7 0.3332 0.6668 
   HI_SS0618  7 0.6784 0.3216 
   HI_SS0619  7 0.5315 0.4685 
   HI_SS0620  7 0.2806 0.7194 
   HI_SS0621  7 0.6333 0.3667 
   HI_SS0622  7 0.6808 0.3192 
   HI_SS0626  7 0.7295 0.2705 
   HI_SS0627  7 0.5459 0.4541 
   HI_SS0628  7 0.5377 0.4623 
   HI_SS0629  7 0.4448 0.5552 
   HI_SS0630  7 0.3616 0.6384 
   HI_SS0631  7 0.4738 0.5262 
   HI_SS0632  7 0.7646 0.2354 
   HI_SS0633  7 0.5551 0.4449 
   HI_SS0634  7 0.6384 0.3616 
   HI_SS0635  7 0.8020 0.1980 
   HI_SS0637  7 0.5170 0.4830 
   HI_SS0638  7 0.6127 0.3873 
   HI_SS0639  7 0.7411 0.2589 
   HI_SS0640  7 0.5393 0.4607 
   HI_SS0641  7 0.4067 0.5933 
   HI_SS0642  7 0.5726 0.4274 
   HI_SS0645  7 0.8848 0.1152 
   HI_SS0646  7 0.2676 0.7324 
   HI_SS0647  7 0.6372 0.3628 
   HI_SS0648  7 0.6301 0.3699 
   HI_SS0649  7 0.3331 0.6669 
   HI_SS0650  7 0.4972 0.5028 
   HI_SS0651  7 0.4496 0.5504 
   HI_SS0652  7 0.8081 0.1919 
   NS_SS1371  7 0.1447 0.8553 
   NS_SS1374  7 0.4373 0.5627 
   NS_SS1337  7 0.8450 0.1550 
   NS_SS1385  7 0.3491 0.6509 
   NS_SS1388  7 0.6585 0.3415 
   NS_SS1370  7 0.8442 0.1558 
   NS_SS1389  7 0.8279 0.1721 
   NS_SS1360  7 0.4422 0.5578 
   NS_SS1330  7 0.7383 0.2617 
   NS_SS1328  7 0.2767 0.7233 
   NS_SS1384  7 0.3139 0.6861 
   NS_SS1381  7 0.6501 0.3499 
   NS_SS1375  7 0.7347 0.2653 
   NS_SS1319  7 0.4792 0.5208 
   NS_SS1326  7 0.2920 0.7080 
   NS_SS1341  7 0.2144 0.7856 
   NS_SS1383  7 0.4857 0.5143 
   NS_SS1318  7 0.6692 0.3308 
   NS_SS1348  7 0.1456 0.8544 
   NS_SS1363  7 0.6778 0.3222 
   NS_SS1335  7 0.3378 0.6622 
   NS_SS1358  7 0.2967 0.7033 
   NS_SS1342  7 0.1926 0.8074 
   NS_SS1320  7 0.7965 0.2035 
   NS_SS1355  7 0.6438 0.3562 
   NS_SS1345  7 0.7358 0.2642 
   NS_SS1324  7 0.3445 0.6555 
   NS_SS1347  7 0.2701 0.7299 
   NS_SS1321  7 0.2747 0.7253 
   NS_SS1333  7 0.2602 0.7398 
   NS_SS1364  7 0.4337 0.5663 
   NS_SS1379  7 0.5708 0.4292 
   NS_SS1332  7 0.2809 0.7191 
   NS_SS1338  7 0.4425 0.5575 
   NS_SS1368  7 0.3330 0.6670 
   NS_SS1354  7 0.4968 0.5032 
   NS_SS1365  7 0.7568 0.2432 
   NS_SS1380  7 0.7877 0.2123 
   NS_SS1329  7 0.2446 0.7554 
   NS_SS1362  7 0.3737 0.6263 
   NS_SS1327  7 0.1059 0.8941 
   NS_SS1350  7 0.1623 0.8377 
   NS_SS1387  7 0.7259 0.2741 
   NS_SS1369  7 0.4687 0.5313 
   NS_SS1331  7 0.6960 0.3040 
   NS_SS1357  7 0.2417 0.7583 
   NS_SS1386  7 0.1314 0.8686 
   NS_SS1353  7 0.4895 0.5105 
   NS_SS1323  7 0.7115 0.2885 
   HI_SS0296  8 0.3928 0.6072 
   HI_SS0297  8 0.5066 0.4934 
   HI_SS0299  8 0.4745 0.5255 
   HI_SS0300  8 0.6100 0.3900 
   HI_SS0301  8 0.8067 0.1933 
   HI_SS0302  8 0.5998 0.4002 
   HI_SS0303  8 0.2926 0.7074 
   HI_SS0304  8 0.8070 0.1930 
   HI_SS0306  8 0.5053 0.4947 
   HI_SS0307  8 0.7032 0.2968 
   HI_SS0308  8 0.5339 0.4661 
   HI_SS0309  8 0.5111 0.4889 
   HI_SS0310  8 0.7137 0.2863 
   HI_SS0311  8 0.7024 0.2976 
   HI_SS0314  8 0.5841 0.4159 
   HI_SS0316  8 0.3323 0.6677 
   HI_SS0317  8 0.5470 0.4530 
   HI_SS0318  8 0.1944 0.8056 
   HI_SS0319  8 0.1125 0.8875 
   HI_SS0320  8 0.7716 0.2284 
   HI_SS0321  8 0.1520 0.8480 
   HI_SS0323  8 0.4222 0.5778 
   HI_SS0325  8 0.6227 0.3773 
   HI_SS0327  8 0.0875 0.9125 
   HI_SS0329  8 0.8014 0.1986 
   HI_SS0333  8 0.4060 0.5940 
   HI_SS0334  8 0.1757 0.8243 
   HI_SS0335  8 0.6051 0.3949 
   HI_SS0339  8 0.7558 0.2442 
   HI_SS0343  8 0.4440 0.5560 
   HI_SS0344  8 0.1108 0.8892 
   HI_SS0345  8 0.7520 0.2480 
   HI_SS0346  8 0.5037 0.4963 
   HI_SS0350  8 0.8006 0.1994 
   HI_SS0351  8 0.4368 0.5632 
   HI_SS0352  8 0.6874 0.3126 
   HI_SS0362  8 0.6995 0.3005 
   HI_SS0363  8 0.1582 0.8418 
   HI_SS0365  8 0.2149 0.7851 
   HI_SS0366  8 0.1541 0.8459 
   HI_SS0367  8 0.7482 0.2518 
   HI_SS0369  8 0.7969 0.2031 
   HI_SS0370  8 0.1926 0.8074 
   HI_SS0371  8 0.5292 0.4708 
   HI_SS0373  8 0.5813 0.4187 
   HI_SS0374  8 0.6627 0.3373 
   HI_SS0377  8 0.4334 0.5666 
   HI_SS0379  8 0.1072 0.8928 
   HI_SS0380  8 0.6831 0.3169 
   HI_SS0381  8 0.7025 0.2975 
   HI_SS0384  8 0.3771 0.6229 
   HI_SS0385  8 0.7750 0.2250 
