   NS_SS0963  1 0.4983 0.5017 
   NS_SS0983  1 0.1540 0.8460 
   NS_SS0719  1 0.4316 0.5684 
   NS_SS1001  1 0.7767 0.2233 
   NS_SS0936  1 0.4251 0.5749 
   NS_SS0955  1 0.2840 0.7160 
   NS_SS0944  1 0.5083 0.4917 
   NS_SS0945  1 0.5927 0.4073 
   NS_SS0922  1 0.7864 0.2136 
   NS_SS0929  1 0.2905 0.7095 
   NS_SS0956  1 0.8409 0.1591 
   NS_SS0906  1 0.4509 0.5491 
   NS_SS0721  1 0.6071 0.3929 
   NS_SS0982  1 0.6035 0.3965 
   NS_SS0923  1 0.6264 0.3736 
   NS_SS0905  1 0.4860 0.5140 
   NS_SS0925  1 0.5551 0.4449 
   NS_SS0947  1 0.6131 0.3869 
   NS_SS0926  1 0.3052 0.6948 
   NS_SS0918  1 0.8014 0.1986 
   NS_SS0966  1 0.5641 0.4359 
   NS_SS0938  1 0.6314 0.3686 
   NS_SS0917  1 0.1971 0.8029 
   NS_SS0957  1 0.7483 0.2517 
   NS_SS0987  1 0.8247 0.1753 
   NS_SS0717  1 0.7837 0.2163 
   NS_SS0986  1 0.6916 0.3084 
   NS_SS0953  1 0.7012 0.2988 
   NS_SS0907  1 0.3732 0.6268 
   NS_SS0974  1 0.3368 0.6632 
   NS_SS0989  1 0.1340 0.8660 
   NS_SS0991  1 0.5109 0.4891 
   NS_SS0994  1 0.1193 0.8807 
   NS_SS0931  1 0.5554 0.4446 
   NS_SS1000  1 0.7009 0.2991 
   NS_SS0919  1 0.2305 0.7695 
   NS_SS0949  1 0.1679 0.8321 
   NS_SS0960  1 0.3279 0.6721 
   NS_SS0716  1 0.9053 0.0947 
   NS_SS0924  1 0.3437 0.6563 
   NS_SS0935  1 0.3027 0.6973 
   NS_SS0952  1 0.2591 0.7409 
   NS_SS0962  1 0.7519 0.2481 
   NS_SS0973  1 0.2852 0.7148 
   NS_SS0722  1 0.7643 0.2357 
   NS_SS0979  1 0.7155 0.2845 
   NS_SS0993  1 0.6686 0.3314 
   NS_SS0958  1 0.3762 0.6238 
   NS_SS0988  1 0.5258 0.4742 
   NS_SS1003  1 0.8306 0.1694 
   NS_SS0976  1 0.3250 0.6750 
   NS_SS0964  1 0.8194 0.1806 
   NS_SS0939  1 0.8798 0.1202 
   NS_SS0990  1 0.7167 0.2833 
   NS_SS0984  1 0.8044 0.1956 
   NS_SS0980  1 0.2980 0.7020 
   NS_SS0978  1 0.4285 0.5715 
   NS_SS0951  1 0.6855 0.3145 
   NS_SS0913  1 0.7881 0.2119 
   NS_SS1002  1 0.6161 0.3839 
   NS_SS0948  1 0.5818 0.4182 
   NS_SS0916  1 0.2409 0.7591 
   NS_SS0995  1 0.4533 0.5467 
   NS_SS0927  1 0.2037 0.7963 
   NS_SS0992  1 0.2559 0.7441 
   NS_SS0912  1 0.7029 0.2971 
   NS_SS0981  1 0.7585 0.2415 
   NS_SS0729  2 0.0889 0.9111 
   NS_SS0967  2 0.4449 0.5551 
   NS_SS0941  2 0.5122 0.4878 
   NS_SS0768  2 0.7094 0.2906 
   NS_SS0726  2 0.1475 0.8525 
   NS_SS0763  2 0.2385 0.7615 
   NS_SS0730  2 0.7784 0.2216 
   NS_SS0774  2 0.6363 0.3637 
   NS_SS0723  2 0.6186 0.3814 
   NS_SS0940  2 0.4115 0.5885 
   NS_SS0762  2 0.8626 0.1374 
   NS_SS0766  2 0.5507 0.4493 
   NS_SS0724  2 0.7906 0.2094 
   NS_SS0769  2 0.5395 0.4605 
   NS_SS0777  2 0.5947 0.4053 
   NS_SS0734  2 0.5089 0.4911 
   NS_SS0737  2 0.7066 0.2934 
   NS_SS0732  2 0.7433 0.2567 
   NS_SS0728  2 0.4868 0.5132 
   NS_SS0735  2 0.5842 0.4158 
   NS_SS0725  2 0.7739 0.2261 
   NS_SS0788  2 0.3812 0.6188 
   NS_SS0778  2 0.4309 0.5691 
   NS_SS0792  2 0.4177 0.5823 
   NS_SS0943  2 0.3640 0.6360 
   NS_SS0791  2 0.4049 0.5951 
   NS_SS0790  2 0.8951 0.1049 
   NS_SS0731  2 0.8200 0.1800 
   NS_SS0727  2 0.2431 0.7569 
   NS_SS0779  2 0.5679 0.4321 
   NS_SS0776  2 0.6540 0.3460 
   NS_SS0775  2 0.7674 0.2326 
   NS_SS0965  3 0.7090 0.2910 
   NS_SS0754  3 0.3441 0.6559 
   NS_SS0838  3 0.4950 0.5050 
   NS_SS0839  3 0.7737 0.2263 
   NS_SS0832  3 0.8447 0.1553 
   NS_SS0820  3 0.7498 0.2502 
   NS_SS0886  3 0.4294 0.5706 
   NS_SS0748  3 0.4506 0.5494 
   NS_SS0884  3 0.4068 0.5932 
   NS_SS0752  3 0.4142 0.5858 
   NS_SS0862  3 0.7781 0.2219 
   NS_SS0787  3 0.2063 0.7937 
   NS_SS0843  3 0.4413 0.5587 
   NS_SS0856  3 0.5082 0.4918 
   NS_SS0846  3 0.2101 0.7899 
   NS_SS0825  3 0.5278 0.4722 
   NS_SS0757  3 0.4158 0.5842 
   NS_SS0876  3 0.5758 0.4242 
   NS_SS0903  3 0.3749 0.6251 
   NS_SS0875  3 0.7531 0.2469 
   NS_SS0740  3 0.4642 0.5358 
   NS_SS0811  3 0.8745 0.1255 
   NS_SS0751  3 0.5764 0.4236 
   NS_SS0891  3 0.6363 0.3637 
   NS_SS0867  3 0.3522 0.6478 
   NS_SS0890  3 0.4319 0.5681 
   NS_SS0866  3 0.2254 0.7746 
   NS_SS0755  3 0.6283 0.3717 
   NS_SS0758  3 0.4135 0.5865 
   NS_SS0840  3 0.7944 0.2056 
   NS_SS0889  3 0.4554 0.5446 
   NS_SS1010  3 0.5524 0.4476 
   NS_SS0888  3 0.1617 0.8383 
   NS_SS0837  3 0.7949 0.2051 
   NS_SS0794  3 0.2754 0.7246 
   NS_SS0823  3 0.6514 0.3486 
   NS_SS0829  3 0.3488 0.6512 
   NS_SS0844  3 0.5587 0.4413 
   NS_SS1008  3 0.4304 0.5696 
   NS_SS0881  3 0.5099 0.4901 
   NS_SS0834  3 0.7023 0.2977 
   NS_SS0744  3 0.3221 0.6779 
   NS_SS0899  3 0.8873 0.1127 
   NS_SS0804  3 0.7989 0.2011 
   NS_SS0781  3 0.7698 0.2302 
   NS_SS0822  3 0.4344 0.5656 
   NS_SS1004  3 0.4991 0.5009 
   NS_SS0746  3 0.4453 0.5547 
   NS_SS0880  3 0.5998 0.4002 
   NS_SS0879  3 0.7163 0.2837 
   NS_SS0753  3 0.3878 0.6122 
   NS_SS1007  3 0.3125 0.6875 
   NS_SS0872  3 0.6373 0.3627 
   NS_SS1005  3 0.5651 0.4349 
   NS_SS0892  3 0.5495 0.4505 
   NS_SS0898  3 0.5105 0.4895 
   NS_SS0801  3 0.6757 0.3243 
   NS_SS0827  3 0.6239 0.3761 
   NS_SS0853  3 0.7200 0.2800 
   NS_SS0780  3 0.7206 0.2794 
   NS_SS0826  3 0.6229 0.3771 
   NS_SS0818  3 0.8145 0.1855 
   NS_SS0745  3 0.9236 0.0764 
   NS_SS0849  3 0.8013 0.1987 
   NS_SS0739  3 0.6036 0.3964 
   NS_SS0799  3 0.2114 0.7886 
   NS_SS0756  3 0.8285 0.1715 
   NS_SS0802  3 0.2341 0.7659 
   NS_SS0747  3 0.3088 0.6912 
   NS_SS0835  3 0.1077 0.8923 
   NS_SS0742  3 0.4650 0.5350 
   NS_SS0760  3 0.2591 0.7409 
   NS_SS0803  3 0.5277 0.4723 
   NS_SS0828  3 0.5917 0.4083 
   NS_SS0865  3 0.5154 0.4846 
   NS_SS0759  3 0.8070 0.1930 
   NS_SS0851  3 0.9014 0.0986 
   NS_SS0874  3 0.5920 0.4080 
   NS_SS0761  3 0.2864 0.7136 
   NS_SS0842  3 0.4537 0.5463 
   NS_SS0785  3 0.3549 0.6451 
   NS_SS0860  3 0.1272 0.8728 
   NS_SS0897  3 0.2203 0.7797 
   NS_SS0841  3 0.8494 0.1506 
   NS_SS0797  3 0.5838 0.4162 
   NS_SS0830  3 0.6278 0.3722 
   NS_SS1011  3 0.6899 0.3101 
   NS_SS0883  3 0.3812 0.6188 
   NS_SS0782  3 0.4805 0.5195 
   NS_SS0831  3 0.4184 0.5816 
   NS_SS0749  3 0.4307 0.5693 
   NS_SS0854  3 0.2501 0.7499 
   HI_SS0193  4 0.4832 0.5168 
   HI_SS0194  4 0.6733 0.3267 
   HI_SS0195  4 0.8517 0.1483 
   HI_SS0196  4 0.4399 0.5601 
   HI_SS0197  4 0.3917 0.6083 
   HI_SS0198  4 0.4744 0.5256 
   HI_SS0199  4 0.2014 0.7986 
   HI_SS0201  4 0.1985 0.8015 
   HI_SS0215  4 0.1840 0.8160 
   HI_SS0218  4 0.2024 0.7976 
   HI_SS0222  4 0.6156 0.3844 
   HI_SS0230  4 0.6684 0.3316 
   HI_SS0234  4 0.2263 0.7737 
   HI_SS0240  4 0.4170 0.5830 
   HI_SS0241  4 0.2271 0.7729 
   HI_SS0242  4 0.5266 0.4734 
   HI_SS0247  4 0.6797 0.3203 
   HI_SS0248  4 0.2096 0.7904 
   HI_SS0252  4 0.6390 0.3610 
   HI_SS0254  4 0.2441 0.7559 
   HI_SS0256  4 0.8368 0.1632 
   HI_SS0257  4 0.1341 0.8659 
   HI_SS0258  4 0.3778 0.6222 
   HI_SS0259  4 0.5689 0.4311 
   HI_SS0260  4 0.2363 0.7637 
   HI_SS0261  4 0.3679 0.6321 
   HI_SS0262  4 0.6444 0.3556 
   HI_SS0264  4 0.8019 0.1981 
   HI_SS0265  4 0.5976 0.4024 
   HI_SS0268  4 0.5214 0.4786 
   HI_SS0269  4 0.0811 0.9189 
   HI_SS0273  4 0.3483 0.6517 
   HI_SS0277  4 0.4772 0.5228 
   HI_SS0280  4 0.6789 0.3211 
   HI_SS0282  4 0.3481 0.6519 
   HI_SS0286  4 0.3851 0.6149 
   NS_SS1252  5 0.1374 0.8626 
   NS_SS1261  5 0.3845 0.6155 
   NS_SS1225  5 0.2736 0.7264 
   NS_SS1266  5 0.7512 0.2488 
   NS_SS1228  5 0.7730 0.2270 
   NS_SS1255  5 0.5801 0.4199 
   NS_SS1267  5 0.1287 0.8713 
   NS_SS1238  5 0.6931 0.3069 
   NS_SS1233  5 0.8563 0.1437 
   NS_SS1277  5 0.3447 0.6553 
   NS_SS1245  5 0.4230 0.5770 
   NS_SS1240  5 0.1174 0.8826 
   NS_SS1275  5 0.8106 0.1894 
   NS_SS1235  5 0.3191 0.6809 
   NS_SS1263  5 0.7469 0.2531 
   NS_SS1251  5 0.6410 0.3590 
   NS_SS1248  5 0.8776 0.1224 
   NS_SS1244  5 0.3913 0.6087 
   NS_SS1257  5 0.2839 0.7161 
   NS_SS1242  5 0.8055 0.1945 
   NS_SS1271  5 0.1448 0.8552 
   NS_SS1265  5 0.3598 0.6402 
   NS_SS1243  5 0.7860 0.2140 
   NS_SS1273  5 0.8502 0.1498 
   NS_SS1254  5 0.6928 0.3072 
   NS_SS1224  5 0.8297 0.1703 
   NS_SS1227  5 0.1373 0.8627 
   NS_SS1274  5 0.2980 0.7020 
   NS_SS1241  5 0.3062 0.6938 
   NS_SS1256  5 0.4561 0.5439 
   NS_SS1260  5 0.1668 0.8332 
   NS_SS1262  5 0.3727 0.6273 
   NS_SS1230  5 0.4750 0.5250 
   NS_SS1270  5 0.7620 0.2380 
   NS_SS1229  5 0.2343 0.7657 
   NS_SS1246  5 0.1690 0.8310 
   NS_SS1269  5 0.5833 0.4167 
   NS_SS1239  5 0.5969 0.4031 
   NS_SS1272  5 0.4847 0.5153 
   NS_SS1268  5 0.8675 0.1325 
   NS_SS1249  5 0.1443 0.8557 
   HI_SS0559  6 0.5264 0.4736 
   HI_SS0563  6 0.4956 0.5044 
   HI_SS0564  6 0.5680 0.4320 
   HI_SS0565  6 0.3073 0.6927 
   HI_SS0569  6 0.2541 0.7459 
   HI_SS0570  6 0.2238 0.7762 
   HI_SS0572  6 0.5040 0.4960 
   HI_SS0576  6 0.7606 0.2394 
   HI_SS0579  6 0.2605 0.7395 
   HI_SS0580  6 0.4012 0.5988 
   HI_SS0581  6 0.7625 0.2375 
   HI_SS0583  6 0.2384 0.7616 
   HI_SS0586  6 0.3325 0.6675 
   HI_SS0588  6 0.3054 0.6946 
   HI_SS0595  6 0.2199 0.7801 
   HI_SS0596  6 0.7030 0.2970 
   HI_SS0597  6 0.5557 0.4443 
   HI_SS0600  6 0.2820 0.7180 
   HI_SS0601  6 0.2880 0.7120 
   HI_SS0602  6 0.4839 0.5161 
   HI_SS0604  6 0.5613 0.4387 
   HI_SS0605  6 0.4760 0.5240 
   HI_SS0608  6 0.6319 0.3681 
   HI_SS0609  6 0.6709 0.3291 
   HI_SS0611  6 0.2927 0.7073 
   HI_SS0612  6 0.2738 0.7262 
   HI_SS0613  6 0.7146 0.2854 
   HI_SS0615  6 0.7381 0.2619 
   HI_SS0001  6 0.3638 0.6362 
   HI_SS0002  6 0.6404 0.3596 
   HI_SS0004  6 0.4117 0.5883 
   HI_SS0005  6 0.7746 0.2254 
   HI_SS0006  6 0.3040 0.6960 
   HI_SS0007  6 0.6355 0.3645 
   HI_SS0008  6 0.5810 0.4190 
   HI_SS0009  6 0.7929 0.2071 
   HI_SS0010  6 0.5883 0.4117 
   HI_SS0011  6 0.7864 0.2136 
   HI_SS0012  6 0.4384 0.5616 
   HI_SS0017  6 0.7279 0.2721 
   HI_SS0021  6 0.4966 0.5034 
   HI_SS0024  6 0.7334 0.2666 
   HI_SS0025  6 0.8056 0.1944 
   HI_SS0027  6 0.4030 0.5970 
   HI_SS0028  6 0.8599 0.1401 
   HI_SS0029  6 0.5711 0.4289 
   HI_SS0030  6 0.3296 0.6704 
   HI_SS0031  6 0.2590 0.7410 
   HI_SS0034  6 0.1697 0.8303 
   HI_SS0036  6 0.3422 0.6578 
   HI_SS0037  6 0.3411 0.6589 
   HI_SS0039  6 0.5571 0.4429 
   HI_SS0041  6 0.8091 0.1909 
   HI_SS0042  6 0.7389 0.2611 
   HI_SS0043  6 0.1615 0.8385 
   HI_SS0044  6 0.3766 0.6234 
   HI_SS0047  6 0.6307 0.3693 
   HI_SS0049  6 0.7082 0.2918 
   HI_SS0051  6 0.6279 0.3721 
   HI_SS0053  6 0.1514 0.8486 
   HI_SS0054  6 0.3400 0.6600 
   HI_SS0057  6 0.7794 0.2206 
   HI_SS0058  6 0.4149 0.5851 
   HI_SS0060  6 0.6616 0.3384 
   HI_SS0087  6 0.3651 0.6349 
   HI_SS0091  6 0.1012 0.8988 
   HI_SS0095  6 0.3260 0.6740 
   HI_SS0097  6 0.3329 0.6671 
   HI_SS0099  6 0.7585 0.2415 
   HI_SS0103  6 0.4010 0.5990 
   HI_SS0105  6 0.4436 0.5564 
   HI_SS0107  6 0.6554 0.3446 
   HI_SS0108  6 0.1278 0.8722 
   HI_SS0110  6 0.2267 0.7733 
   HI_SS0111  6 0.5198 0.4802 
   HI_SS0112  6 0.1759 0.8241 
   HI_SS0113  6 0.7785 0.2215 
   HI_SS0114  6 0.4040 0.5960 
   HI_SS0115  6 0.4225 0.5775 
   HI_SS0116  6 0.2080 0.7920 
   HI_SS0117  6 0.2868 0.7132 
   HI_SS0118  6 0.2763 0.7237 
   HI_SS0119  6 0.2157 0.7843 
   HI_SS0120  6 0.6968 0.3032 
   HI_SS0121  6 0.8237 0.1763 
   HI_SS0122  6 0.5162 0.4838 
   HI_SS0123  6 0.4165 0.5835 
   HI_SS0124  6 0.8095 0.1905 
   HI_SS0125  6 0.8140 0.1860 
   HI_SS0126  6 0.2546 0.7454 
   HI_SS0127  6 0.7324 0.2676 
   HI_SS0128  6 0.4686 0.5314 
   HI_SS0129  6 0.3534 0.6466 
   HI_SS0131  6 0.4964 0.5036 
   HI_SS0132  6 0.6054 0.3946 
   HI_SS0133  6 0.1777 0.8223 
   HI_SS0134  6 0.3751 0.6249 
   HI_SS0142  6 0.4410 0.5590 
   HI_SS0145  6 0.3301 0.6699 
   HI_SS0146  6 0.3879 0.6121 
   HI_SS0147  6 0.8255 0.1745 
   HI_SS0149  6 0.4869 0.5131 
   HI_SS0150  6 0.8145 0.1855 
   HI_SS0151  6 0.3121 0.6879 
   NS_SS1451  6 0.8195 0.1805 
   NS_SS1404  6 0.8001 0.1999 
   NS_SS1432  6 0.6716 0.3284 
   NS_SS1405  6 0.6904 0.3096 
   NS_SS1431  6 0.7533 0.2467 
   NS_SS1402  6 0.2665 0.7335 
   NS_SS1450  6 0.4143 0.5857 
   NS_SS1396  6 0.5522 0.4478 
   NS_SS1393  6 0.2452 0.7548 
   NS_SS1392  6 0.7217 0.2783 
   NS_SS1445  6 0.2996 0.7004 
   NS_SS1423  6 0.2231 0.7769 
   NS_SS1421  6 0.4128 0.5872 
   NS_SS1411  6 0.5835 0.4165 
   NS_SS1453  6 0.2869 0.7131 
   NS_SS1442  6 0.5785 0.4215 
   NS_SS1422  6 0.3172 0.6828 
   NS_SS1419  6 0.7763 0.2237 
   NS_SS1427  6 0.1376 0.8624 
   NS_SS1444  6 0.7948 0.2052 
   NS_SS1455  6 0.7296 0.2704 
   NS_SS1425  6 0.1433 0.8567 
   NS_SS1400  6 0.5149 0.4851 
   NS_SS1406  6 0.6725 0.3275 
   NS_SS1417  6 0.5769 0.4231 
   NS_SS1454  6 0.5977 0.4023 
   NS_SS1412  6 0.4773 0.5227 
   NS_SS1438  6 0.2210 0.7790 
   NS_SS1416  6 0.5741 0.4259 
   NS_SS1401  6 0.2500 0.7500 
   NS_SS1424  6 0.3595 0.6405 
   NS_SS1435  6 0.6486 0.3514 
   NS_SS1447  6 0.7602 0.2398 
   NS_SS1414  6 0.8697 0.1303 
   NS_SS1449  6 0.3738 0.6262 
   NS_SS1443  6 0.1208 0.8792 
   NS_SS1434  6 0.2917 0.7083 
   NS_SS1398  6 0.6919 0.3081 
   NS_SS1426  6 0.1756 0.8244 
   NS_SS1413  6 0.2981 0.7019 
   NS_SS1395  6 0.1519 0.8481 
   NS_SS1448  6 0.7358 0.2642 
   NS_SS1446  6 0.2003 0.7997 
   NS_SS1403  6 0.3867 0.6133 
   NS_SS1415  6 0.3093 0.6907 
   NS_SS1437  6 0.6993 0.3007 
   NS_SS1439  6 0.3000 0.7000 
   NS_SS1441  6 0.2035 0.7965 
   NS_SS1420  6 0.8676 0.1324 
   NS_SS1394  6 0.8241 0.1759 
   NS_SS1391  6 0.2420 0.7580 
   NS_SS1410  6 0.3155 0.6845 
   NS_SS1408  6 0.5844 0.4156 
   NS_SS1409  6 0.2406 0.7594 
   HI_SS0617  7 0.3139 0.6861 
   HI_SS0618  7 0.6851 0.3149 
   HI_SS0619  7 0.5600 0.4400 
   HI_SS0620  7 0.2657 0.7343 
   HI_SS0621  7 0.6240 0.3760 
   HI_SS0622  7 0.6739 0.3261 
   HI_SS0626  7 0.7432 0.2568 
   HI_SS0627  7 0.5462 0.4538 
   HI_SS0628  7 0.5302 0.4698 
   HI_SS0629  7 0.4578 0.5422 
   HI_SS0630  7 0.3600 0.6400 
   HI_SS0631  7 0.4698 0.5302 
   HI_SS0632  7 0.7544 0.2456 
   HI_SS0633  7 0.5604 0.4396 
   HI_SS0634  7 0.6209 0.3791 
   HI_SS0635  7 0.7942 0.2058 
   HI_SS0637  7 0.5118 0.4882 
   HI_SS0638  7 0.6218 0.3782 
   HI_SS0639  7 0.7524 0.2476 
   HI_SS0640  7 0.5510 0.4490 
   HI_SS0641  7 0.4182 0.5818 
   HI_SS0642  7 0.5764 0.4236 
   HI_SS0645  7 0.8908 0.1092 
   HI_SS0646  7 0.2725 0.7275 
   HI_SS0647  7 0.6546 0.3454 
   HI_SS0648  7 0.6153 0.3847 
   HI_SS0649  7 0.3516 0.6484 
   HI_SS0650  7 0.5252 0.4748 
   HI_SS0651  7 0.4599 0.5401 
   HI_SS0652  7 0.8135 0.1865 
   NS_SS1371  7 0.1401 0.8599 
   NS_SS1374  7 0.4354 0.5646 
   NS_SS1337  7 0.8486 0.1514 
   NS_SS1385  7 0.3454 0.6546 
   NS_SS1388  7 0.6777 0.3223 
   NS_SS1370  7 0.8411 0.1589 
   NS_SS1389  7 0.8396 0.1604 
   NS_SS1360  7 0.4246 0.5754 
   NS_SS1330  7 0.7422 0.2578 
   NS_SS1328  7 0.2569 0.7431 
   NS_SS1384  7 0.3278 0.6722 
   NS_SS1381  7 0.6452 0.3548 
   NS_SS1375  7 0.7424 0.2576 
   NS_SS1319  7 0.4831 0.5169 
   NS_SS1326  7 0.2935 0.7065 
   NS_SS1341  7 0.2172 0.7828 
   NS_SS1383  7 0.4924 0.5076 
   NS_SS1318  7 0.6592 0.3408 
   NS_SS1348  7 0.1482 0.8518 
   NS_SS1363  7 0.6702 0.3298 
   NS_SS1335  7 0.3331 0.6669 
   NS_SS1358  7 0.2862 0.7138 
   NS_SS1342  7 0.1841 0.8159 
   NS_SS1320  7 0.7985 0.2015 
   NS_SS1355  7 0.6516 0.3484 
   NS_SS1345  7 0.7321 0.2679 
   NS_SS1324  7 0.3377 0.6623 
   NS_SS1347  7 0.2676 0.7324 
   NS_SS1321  7 0.2718 0.7282 
   NS_SS1333  7 0.2729 0.7271 
   NS_SS1364  7 0.4266 0.5734 
   NS_SS1379  7 0.5700 0.4300 
   NS_SS1332  7 0.2891 0.7109 
   NS_SS1338  7 0.4337 0.5663 
   NS_SS1368  7 0.3234 0.6766 
   NS_SS1354  7 0.4974 0.5026 
   NS_SS1365  7 0.7588 0.2412 
   NS_SS1380  7 0.8029 0.1971 
   NS_SS1329  7 0.2401 0.7599 
   NS_SS1362  7 0.3724 0.6276 
   NS_SS1327  7 0.1072 0.8928 
   NS_SS1350  7 0.1644 0.8356 
   NS_SS1387  7 0.7348 0.2652 
   NS_SS1369  7 0.4416 0.5584 
   NS_SS1331  7 0.7112 0.2888 
   NS_SS1357  7 0.2392 0.7608 
   NS_SS1386  7 0.1265 0.8735 
   NS_SS1353  7 0.5160 0.4840 
   NS_SS1323  7 0.7187 0.2813 
   HI_SS0296  8 0.3842 0.6158 
   HI_SS0297  8 0.5044 0.4956 
   HI_SS0299  8 0.4711 0.5289 
   HI_SS0300  8 0.6052 0.3948 
   HI_SS0301  8 0.8089 0.1911 
   HI_SS0302  8 0.5860 0.4140 
   HI_SS0303  8 0.3109 0.6891 
   HI_SS0304  8 0.8029 0.1971 
   HI_SS0306  8 0.5006 0.4994 
   HI_SS0307  8 0.7143 0.2857 
   HI_SS0308  8 0.5313 0.4687 
   HI_SS0309  8 0.5083 0.4917 
   HI_SS0310  8 0.7213 0.2787 
   HI_SS0311  8 0.7053 0.2947 
   HI_SS0314  8 0.5907 0.4093 
   HI_SS0316  8 0.3441 0.6559 
   HI_SS0317  8 0.5364 0.4636 
   HI_SS0318  8 0.2025 0.7975 
   HI_SS0319  8 0.1162 0.8838 
   HI_SS0320  8 0.7703 0.2297 
   HI_SS0321  8 0.1584 0.8416 
   HI_SS0323  8 0.4245 0.5755 
   HI_SS0325  8 0.6006 0.3994 
   HI_SS0327  8 0.0820 0.9180 
   HI_SS0329  8 0.8140 0.1860 
   HI_SS0333  8 0.4181 0.5819 
   HI_SS0334  8 0.1724 0.8276 
   HI_SS0335  8 0.6002 0.3998 
   HI_SS0339  8 0.7715 0.2285 
   HI_SS0343  8 0.4511 0.5489 
   HI_SS0344  8 0.1073 0.8927 
   HI_SS0345  8 0.7393 0.2607 
   HI_SS0346  8 0.5093 0.4907 
   HI_SS0350  8 0.7929 0.2071 
   HI_SS0351  8 0.4349 0.5651 
   HI_SS0352  8 0.6849 0.3151 
   HI_SS0362  8 0.7036 0.2964 
   HI_SS0363  8 0.1547 0.8453 
   HI_SS0365  8 0.2135 0.7865 
   HI_SS0366  8 0.1478 0.8522 
   HI_SS0367  8 0.7502 0.2498 
   HI_SS0369  8 0.8048 0.1952 
   HI_SS0370  8 0.1915 0.8085 
   HI_SS0371  8 0.5201 0.4799 
   HI_SS0373  8 0.5762 0.4238 
   HI_SS0374  8 0.6641 0.3359 
   HI_SS0377  8 0.4230 0.5770 
   HI_SS0379  8 0.1127 0.8873 
   HI_SS0380  8 0.6692 0.3308 
   HI_SS0381  8 0.6982 0.3018 
   HI_SS0384  8 0.3815 0.6185 
   HI_SS0385  8 0.7910 0.2090 
