   NS_SS0963  1 0.4723 0.5277 
   NS_SS0983  1 0.8498 0.1502 
   NS_SS0719  1 0.5651 0.4349 
   NS_SS1001  1 0.2231 0.7769 
   NS_SS0936  1 0.5460 0.4540 
   NS_SS0955  1 0.7155 0.2845 
   NS_SS0944  1 0.4985 0.5015 
   NS_SS0945  1 0.4118 0.5882 
   NS_SS0922  1 0.2149 0.7851 
   NS_SS0929  1 0.7010 0.2990 
   NS_SS0956  1 0.1547 0.8453 
   NS_SS0906  1 0.5541 0.4459 
   NS_SS0721  1 0.3997 0.6003 
   NS_SS0982  1 0.4057 0.5943 
   NS_SS0923  1 0.3548 0.6452 
   NS_SS0905  1 0.5128 0.4872 
   NS_SS0925  1 0.4455 0.5545 
   NS_SS0947  1 0.3813 0.6187 
   NS_SS0926  1 0.6938 0.3062 
   NS_SS0918  1 0.2151 0.7849 
   NS_SS0966  1 0.4284 0.5716 
   NS_SS0938  1 0.3278 0.6722 
   NS_SS0917  1 0.7952 0.2048 
   NS_SS0957  1 0.2704 0.7296 
   NS_SS0987  1 0.1913 0.8087 
   NS_SS0717  1 0.2132 0.7868 
   NS_SS0986  1 0.3172 0.6828 
   NS_SS0953  1 0.3052 0.6948 
   NS_SS0907  1 0.6187 0.3813 
   NS_SS0974  1 0.6602 0.3398 
   NS_SS0989  1 0.8602 0.1398 
   NS_SS0991  1 0.5161 0.4839 
   NS_SS0994  1 0.8838 0.1162 
   NS_SS0931  1 0.4661 0.5339 
   NS_SS1000  1 0.2957 0.7043 
   NS_SS0919  1 0.7557 0.2443 
   NS_SS0949  1 0.8299 0.1701 
   NS_SS0960  1 0.6938 0.3062 
   NS_SS0716  1 0.1010 0.8990 
   NS_SS0924  1 0.6656 0.3344 
   NS_SS0935  1 0.6993 0.3007 
   NS_SS0952  1 0.7476 0.2524 
   NS_SS0962  1 0.2611 0.7389 
   NS_SS0973  1 0.7127 0.2873 
   NS_SS0722  1 0.2353 0.7647 
   NS_SS0979  1 0.2732 0.7268 
   NS_SS0993  1 0.3123 0.6877 
   NS_SS0958  1 0.6330 0.3670 
   NS_SS0988  1 0.4875 0.5125 
   NS_SS1003  1 0.1651 0.8349 
   NS_SS0976  1 0.6761 0.3239 
   NS_SS0964  1 0.1738 0.8262 
   NS_SS0939  1 0.1230 0.8770 
   NS_SS0990  1 0.3129 0.6871 
   NS_SS0984  1 0.1751 0.8249 
   NS_SS0980  1 0.6738 0.3262 
   NS_SS0978  1 0.5505 0.4495 
   NS_SS0951  1 0.3578 0.6422 
   NS_SS0913  1 0.2190 0.7810 
   NS_SS1002  1 0.3791 0.6209 
   NS_SS0948  1 0.4219 0.5781 
   NS_SS0916  1 0.7177 0.2823 
   NS_SS0995  1 0.5239 0.4761 
   NS_SS0927  1 0.7897 0.2103 
   NS_SS0992  1 0.7218 0.2782 
   NS_SS0912  1 0.3175 0.6825 
   NS_SS0981  1 0.2460 0.7540 
   NS_SS0729  2 0.8977 0.1023 
   NS_SS0967  2 0.5662 0.4338 
   NS_SS0941  2 0.4403 0.5597 
   NS_SS0768  2 0.3241 0.6759 
   NS_SS0726  2 0.8329 0.1671 
   NS_SS0763  2 0.7493 0.2507 
   NS_SS0730  2 0.2359 0.7641 
   NS_SS0774  2 0.3553 0.6447 
   NS_SS0723  2 0.3639 0.6361 
   NS_SS0940  2 0.5488 0.4512 
   NS_SS0762  2 0.1294 0.8706 
   NS_SS0766  2 0.4054 0.5946 
   NS_SS0724  2 0.2166 0.7834 
   NS_SS0769  2 0.4543 0.5457 
   NS_SS0777  2 0.4090 0.5910 
   NS_SS0734  2 0.4837 0.5163 
   NS_SS0737  2 0.2628 0.7372 
   NS_SS0732  2 0.2501 0.7499 
   NS_SS0728  2 0.4615 0.5385 
   NS_SS0735  2 0.3997 0.6003 
   NS_SS0725  2 0.2063 0.7937 
   NS_SS0788  2 0.6116 0.3884 
   NS_SS0778  2 0.5731 0.4269 
   NS_SS0792  2 0.5800 0.4200 
   NS_SS0943  2 0.6323 0.3677 
   NS_SS0791  2 0.5871 0.4129 
   NS_SS0790  2 0.1051 0.8949 
   NS_SS0731  2 0.1894 0.8106 
   NS_SS0727  2 0.7285 0.2715 
   NS_SS0779  2 0.4052 0.5948 
   NS_SS0776  2 0.3353 0.6647 
   NS_SS0775  2 0.2298 0.7702 
   NS_SS0965  3 0.2862 0.7138 
   NS_SS0754  3 0.6692 0.3308 
   NS_SS0838  3 0.5039 0.4961 
   NS_SS0839  3 0.2234 0.7766 
   NS_SS0832  3 0.1508 0.8492 
   NS_SS0820  3 0.2615 0.7385 
   NS_SS0886  3 0.5460 0.4540 
   NS_SS0748  3 0.5578 0.4422 
   NS_SS0884  3 0.5777 0.4223 
   NS_SS0752  3 0.5698 0.4302 
   NS_SS0862  3 0.2225 0.7775 
   NS_SS0787  3 0.8331 0.1669 
   NS_SS0843  3 0.5347 0.4653 
   NS_SS0856  3 0.4879 0.5121 
   NS_SS0846  3 0.7863 0.2137 
   NS_SS0825  3 0.4881 0.5119 
   NS_SS0757  3 0.5996 0.4004 
   NS_SS0876  3 0.4142 0.5858 
   NS_SS0903  3 0.6087 0.3913 
   NS_SS0875  3 0.2555 0.7445 
   NS_SS0740  3 0.5260 0.4740 
   NS_SS0811  3 0.1231 0.8769 
   NS_SS0751  3 0.4042 0.5958 
   NS_SS0891  3 0.3447 0.6553 
   NS_SS0867  3 0.6585 0.3415 
   NS_SS0890  3 0.5463 0.4537 
   NS_SS0866  3 0.8089 0.1911 
   NS_SS0755  3 0.3697 0.6303 
   NS_SS0758  3 0.5566 0.4434 
   NS_SS0840  3 0.1917 0.8083 
   NS_SS0889  3 0.5654 0.4346 
   NS_SS1010  3 0.4662 0.5338 
   NS_SS0888  3 0.8297 0.1703 
   NS_SS0837  3 0.2197 0.7803 
   NS_SS0794  3 0.7261 0.2739 
   NS_SS0823  3 0.3431 0.6569 
   NS_SS0829  3 0.7031 0.2969 
   NS_SS0844  3 0.4380 0.5620 
   NS_SS1008  3 0.5626 0.4374 
   NS_SS0881  3 0.4835 0.5165 
   NS_SS0834  3 0.2876 0.7124 
   NS_SS0744  3 0.6557 0.3443 
   NS_SS0899  3 0.1194 0.8806 
   NS_SS0804  3 0.1867 0.8133 
   NS_SS0781  3 0.2066 0.7934 
   NS_SS0822  3 0.5658 0.4342 
   NS_SS1004  3 0.4723 0.5277 
   NS_SS0746  3 0.5501 0.4499 
   NS_SS0880  3 0.3860 0.6140 
   NS_SS0879  3 0.2875 0.7125 
   NS_SS0753  3 0.6401 0.3599 
   NS_SS1007  3 0.6510 0.3490 
   NS_SS0872  3 0.3537 0.6463 
   NS_SS1005  3 0.4225 0.5775 
   NS_SS0892  3 0.4357 0.5643 
   NS_SS0898  3 0.4714 0.5286 
   NS_SS0801  3 0.3578 0.6422 
   NS_SS0827  3 0.4190 0.5810 
   NS_SS0853  3 0.3018 0.6982 
   NS_SS0780  3 0.2722 0.7278 
   NS_SS0826  3 0.4060 0.5940 
   NS_SS0818  3 0.1825 0.8175 
   NS_SS0745  3 0.0766 0.9234 
   NS_SS0849  3 0.2255 0.7745 
   NS_SS0739  3 0.4026 0.5974 
   NS_SS0799  3 0.7871 0.2129 
   NS_SS0756  3 0.1791 0.8209 
   NS_SS0802  3 0.7635 0.2365 
   NS_SS0747  3 0.6647 0.3353 
   NS_SS0835  3 0.8869 0.1131 
   NS_SS0742  3 0.5204 0.4796 
   NS_SS0760  3 0.7669 0.2331 
   NS_SS0803  3 0.4442 0.5558 
   NS_SS0828  3 0.4217 0.5783 
   NS_SS0865  3 0.5045 0.4955 
   NS_SS0759  3 0.1876 0.8124 
   NS_SS0851  3 0.1060 0.8940 
   NS_SS0874  3 0.4272 0.5728 
   NS_SS0761  3 0.7240 0.2760 
   NS_SS0842  3 0.5962 0.4038 
   NS_SS0785  3 0.6251 0.3749 
   NS_SS0860  3 0.8824 0.1176 
   NS_SS0897  3 0.7834 0.2166 
   NS_SS0841  3 0.1622 0.8378 
   NS_SS0797  3 0.4427 0.5573 
   NS_SS0830  3 0.4169 0.5831 
   NS_SS1011  3 0.3016 0.6984 
   NS_SS0883  3 0.6267 0.3733 
   NS_SS0782  3 0.5165 0.4835 
   NS_SS0831  3 0.5814 0.4186 
   NS_SS0749  3 0.5483 0.4517 
   NS_SS0854  3 0.7232 0.2768 
   HI_SS0193  4 0.4978 0.5022 
   HI_SS0194  4 0.2805 0.7195 
   HI_SS0195  4 0.1409 0.8591 
   HI_SS0196  4 0.5811 0.4189 
   HI_SS0197  4 0.6116 0.3884 
   HI_SS0198  4 0.5315 0.4685 
   HI_SS0199  4 0.7931 0.2069 
   HI_SS0201  4 0.7996 0.2004 
   HI_SS0215  4 0.8222 0.1778 
   HI_SS0218  4 0.7806 0.2194 
   HI_SS0222  4 0.3661 0.6339 
   HI_SS0230  4 0.3121 0.6879 
   HI_SS0234  4 0.7450 0.2550 
   HI_SS0240  4 0.5357 0.4643 
   HI_SS0241  4 0.7658 0.2342 
   HI_SS0242  4 0.4664 0.5336 
   HI_SS0247  4 0.2983 0.7017 
   HI_SS0248  4 0.7829 0.2171 
   HI_SS0252  4 0.3351 0.6649 
   HI_SS0254  4 0.7417 0.2583 
   HI_SS0256  4 0.1473 0.8527 
   HI_SS0257  4 0.8541 0.1459 
   HI_SS0258  4 0.6317 0.3683 
   HI_SS0259  4 0.4073 0.5927 
   HI_SS0260  4 0.7576 0.2424 
   HI_SS0261  4 0.6160 0.3840 
   HI_SS0262  4 0.3571 0.6429 
   HI_SS0264  4 0.2122 0.7878 
   HI_SS0265  4 0.4164 0.5836 
   HI_SS0268  4 0.4835 0.5165 
   HI_SS0269  4 0.9179 0.0821 
   HI_SS0273  4 0.6774 0.3226 
   HI_SS0277  4 0.4924 0.5076 
   HI_SS0280  4 0.3128 0.6872 
   HI_SS0282  4 0.6595 0.3405 
   HI_SS0286  4 0.6004 0.3996 
   NS_SS1252  5 0.8634 0.1366 
   NS_SS1261  5 0.6141 0.3859 
   NS_SS1225  5 0.7584 0.2416 
   NS_SS1266  5 0.2426 0.7574 
   NS_SS1228  5 0.2319 0.7681 
   NS_SS1255  5 0.4297 0.5703 
   NS_SS1267  5 0.8757 0.1243 
   NS_SS1238  5 0.3346 0.6654 
   NS_SS1233  5 0.1585 0.8415 
   NS_SS1277  5 0.6391 0.3609 
   NS_SS1245  5 0.5626 0.4374 
   NS_SS1240  5 0.8820 0.1180 
   NS_SS1275  5 0.1784 0.8216 
   NS_SS1235  5 0.6507 0.3493 
   NS_SS1263  5 0.2515 0.7485 
   NS_SS1251  5 0.3480 0.6520 
   NS_SS1248  5 0.1501 0.8499 
   NS_SS1244  5 0.5965 0.4035 
   NS_SS1257  5 0.7021 0.2979 
   NS_SS1242  5 0.2003 0.7997 
   NS_SS1271  5 0.8599 0.1401 
   NS_SS1265  5 0.6603 0.3397 
   NS_SS1243  5 0.2098 0.7902 
   NS_SS1273  5 0.1509 0.8491 
   NS_SS1254  5 0.3055 0.6945 
   NS_SS1224  5 0.1733 0.8267 
   NS_SS1227  5 0.8497 0.1503 
   NS_SS1274  5 0.6908 0.3092 
   NS_SS1241  5 0.6762 0.3238 
   NS_SS1256  5 0.5625 0.4375 
   NS_SS1260  5 0.8436 0.1564 
   NS_SS1262  5 0.6380 0.3620 
   NS_SS1230  5 0.5374 0.4626 
   NS_SS1270  5 0.2434 0.7566 
   NS_SS1229  5 0.7383 0.2617 
   NS_SS1246  5 0.8333 0.1667 
   NS_SS1269  5 0.4198 0.5802 
   NS_SS1239  5 0.3762 0.6238 
   NS_SS1272  5 0.5322 0.4678 
   NS_SS1268  5 0.1404 0.8596 
   NS_SS1249  5 0.8424 0.1576 
   HI_SS0559  6 0.4682 0.5318 
   HI_SS0563  6 0.5202 0.4798 
   HI_SS0564  6 0.4138 0.5862 
   HI_SS0565  6 0.6999 0.3001 
   HI_SS0569  6 0.7485 0.2515 
   HI_SS0570  6 0.7585 0.2415 
   HI_SS0572  6 0.4599 0.5401 
   HI_SS0576  6 0.2309 0.7691 
   HI_SS0579  6 0.7281 0.2719 
   HI_SS0580  6 0.5861 0.4139 
   HI_SS0581  6 0.2173 0.7827 
   HI_SS0583  6 0.7468 0.2532 
   HI_SS0586  6 0.6829 0.3171 
   HI_SS0588  6 0.6809 0.3191 
   HI_SS0595  6 0.7842 0.2158 
   HI_SS0596  6 0.2739 0.7261 
   HI_SS0597  6 0.4085 0.5915 
   HI_SS0600  6 0.7029 0.2971 
   HI_SS0601  6 0.7111 0.2889 
   HI_SS0602  6 0.5105 0.4895 
   HI_SS0604  6 0.4178 0.5822 
   HI_SS0605  6 0.5317 0.4683 
   HI_SS0608  6 0.3420 0.6580 
   HI_SS0609  6 0.3057 0.6943 
   HI_SS0611  6 0.7302 0.2698 
   HI_SS0612  6 0.6937 0.3063 
   HI_SS0613  6 0.3126 0.6874 
   HI_SS0615  6 0.2486 0.7514 
   HI_SS0001  6 0.5815 0.4185 
   HI_SS0002  6 0.3442 0.6558 
   HI_SS0004  6 0.5828 0.4172 
   HI_SS0005  6 0.2308 0.7692 
   HI_SS0006  6 0.7034 0.2966 
   HI_SS0007  6 0.3794 0.6206 
   HI_SS0008  6 0.4032 0.5968 
   HI_SS0009  6 0.2009 0.7991 
   HI_SS0010  6 0.4449 0.5551 
   HI_SS0011  6 0.2309 0.7691 
   HI_SS0012  6 0.5607 0.4393 
   HI_SS0017  6 0.2329 0.7671 
   HI_SS0021  6 0.5410 0.4590 
   HI_SS0024  6 0.2633 0.7367 
   HI_SS0025  6 0.1964 0.8036 
   HI_SS0027  6 0.6085 0.3915 
   HI_SS0028  6 0.1383 0.8617 
   HI_SS0029  6 0.4220 0.5780 
   HI_SS0030  6 0.6682 0.3318 
   HI_SS0031  6 0.7164 0.2836 
   HI_SS0034  6 0.8310 0.1690 
   HI_SS0036  6 0.6712 0.3288 
   HI_SS0037  6 0.6870 0.3130 
   HI_SS0039  6 0.4456 0.5544 
   HI_SS0041  6 0.1910 0.8090 
   HI_SS0042  6 0.2502 0.7498 
   HI_SS0043  6 0.8448 0.1552 
   HI_SS0044  6 0.6106 0.3894 
   HI_SS0047  6 0.3544 0.6456 
   HI_SS0049  6 0.2777 0.7223 
   HI_SS0051  6 0.4175 0.5825 
   HI_SS0053  6 0.8469 0.1531 
   HI_SS0054  6 0.6659 0.3341 
   HI_SS0057  6 0.2375 0.7625 
   HI_SS0058  6 0.6102 0.3898 
   HI_SS0060  6 0.3597 0.6403 
   HI_SS0087  6 0.6214 0.3786 
   HI_SS0091  6 0.8891 0.1109 
   HI_SS0095  6 0.6698 0.3302 
   HI_SS0097  6 0.6814 0.3186 
   HI_SS0099  6 0.2535 0.7465 
   HI_SS0103  6 0.6016 0.3984 
   HI_SS0105  6 0.5690 0.4310 
   HI_SS0107  6 0.3064 0.6936 
   HI_SS0108  6 0.8851 0.1149 
   HI_SS0110  6 0.7456 0.2544 
   HI_SS0111  6 0.4722 0.5278 
   HI_SS0112  6 0.8408 0.1592 
   HI_SS0113  6 0.2106 0.7894 
   HI_SS0114  6 0.6207 0.3793 
   HI_SS0115  6 0.5279 0.4721 
   HI_SS0116  6 0.7941 0.2059 
   HI_SS0117  6 0.7020 0.2980 
   HI_SS0118  6 0.7412 0.2588 
   HI_SS0119  6 0.7859 0.2141 
   HI_SS0120  6 0.2776 0.7224 
   HI_SS0121  6 0.1839 0.8161 
   HI_SS0122  6 0.5083 0.4917 
   HI_SS0123  6 0.5669 0.4331 
   HI_SS0124  6 0.1807 0.8193 
   HI_SS0125  6 0.1768 0.8232 
   HI_SS0126  6 0.7489 0.2511 
   HI_SS0127  6 0.2690 0.7310 
   HI_SS0128  6 0.4880 0.5120 
   HI_SS0129  6 0.6265 0.3735 
   HI_SS0131  6 0.5349 0.4651 
   HI_SS0132  6 0.3809 0.6191 
   HI_SS0133  6 0.8160 0.1840 
   HI_SS0134  6 0.6200 0.3800 
   HI_SS0142  6 0.5576 0.4424 
   HI_SS0145  6 0.6529 0.3471 
   HI_SS0146  6 0.6350 0.3650 
   HI_SS0147  6 0.1803 0.8197 
   HI_SS0149  6 0.5145 0.4855 
   HI_SS0150  6 0.1766 0.8234 
   HI_SS0151  6 0.6522 0.3478 
   NS_SS1451  6 0.1733 0.8267 
   NS_SS1404  6 0.2186 0.7814 
   NS_SS1432  6 0.2971 0.7029 
   NS_SS1405  6 0.3310 0.6690 
   NS_SS1431  6 0.2248 0.7752 
   NS_SS1402  6 0.7309 0.2691 
   NS_SS1450  6 0.5726 0.4274 
   NS_SS1396  6 0.4441 0.5559 
   NS_SS1393  6 0.7371 0.2629 
   NS_SS1392  6 0.2672 0.7328 
   NS_SS1445  6 0.7066 0.2934 
   NS_SS1423  6 0.7504 0.2496 
   NS_SS1421  6 0.6272 0.3728 
   NS_SS1411  6 0.4622 0.5378 
   NS_SS1453  6 0.7170 0.2830 
   NS_SS1442  6 0.4403 0.5597 
   NS_SS1422  6 0.6413 0.3587 
   NS_SS1419  6 0.2368 0.7632 
   NS_SS1427  6 0.8446 0.1554 
   NS_SS1444  6 0.2179 0.7821 
   NS_SS1455  6 0.2642 0.7358 
   NS_SS1425  6 0.8692 0.1308 
   NS_SS1400  6 0.5263 0.4737 
   NS_SS1406  6 0.3154 0.6846 
   NS_SS1417  6 0.4597 0.5403 
   NS_SS1454  6 0.4329 0.5671 
   NS_SS1412  6 0.5329 0.4671 
   NS_SS1438  6 0.7778 0.2222 
   NS_SS1416  6 0.4435 0.5565 
   NS_SS1401  6 0.7446 0.2554 
   NS_SS1424  6 0.6733 0.3267 
   NS_SS1435  6 0.3489 0.6511 
   NS_SS1447  6 0.2490 0.7510 
   NS_SS1414  6 0.1457 0.8543 
   NS_SS1449  6 0.6097 0.3903 
   NS_SS1443  6 0.8536 0.1464 
   NS_SS1434  6 0.6677 0.3323 
   NS_SS1398  6 0.3128 0.6872 
   NS_SS1426  6 0.8305 0.1695 
   NS_SS1413  6 0.7117 0.2883 
   NS_SS1395  6 0.8354 0.1646 
   NS_SS1448  6 0.2649 0.7351 
   NS_SS1446  6 0.7910 0.2090 
   NS_SS1403  6 0.5872 0.4128 
   NS_SS1415  6 0.6988 0.3012 
   NS_SS1437  6 0.2983 0.7017 
   NS_SS1439  6 0.6695 0.3305 
   NS_SS1441  6 0.7854 0.2146 
   NS_SS1420  6 0.1375 0.8625 
   NS_SS1394  6 0.1814 0.8186 
   NS_SS1391  6 0.7671 0.2329 
   NS_SS1410  6 0.6901 0.3099 
   NS_SS1408  6 0.4223 0.5777 
   NS_SS1409  6 0.7433 0.2567 
   HI_SS0617  7 0.6850 0.3150 
   HI_SS0618  7 0.2832 0.7168 
   HI_SS0619  7 0.4291 0.5709 
   HI_SS0620  7 0.7469 0.2531 
   HI_SS0621  7 0.3703 0.6297 
   HI_SS0622  7 0.3242 0.6758 
   HI_SS0626  7 0.2570 0.7430 
   HI_SS0627  7 0.4209 0.5791 
   HI_SS0628  7 0.4984 0.5016 
   HI_SS0629  7 0.5499 0.4501 
   HI_SS0630  7 0.6373 0.3627 
   HI_SS0631  7 0.5429 0.4571 
   HI_SS0632  7 0.2548 0.7452 
   HI_SS0633  7 0.4289 0.5711 
   HI_SS0634  7 0.3870 0.6130 
   HI_SS0635  7 0.2124 0.7876 
   HI_SS0637  7 0.5054 0.4946 
   HI_SS0638  7 0.3626 0.6374 
   HI_SS0639  7 0.2524 0.7476 
   HI_SS0640  7 0.4263 0.5737 
   HI_SS0641  7 0.5964 0.4036 
   HI_SS0642  7 0.3943 0.6057 
   HI_SS0645  7 0.1076 0.8924 
   HI_SS0646  7 0.6703 0.3297 
   HI_SS0647  7 0.3149 0.6851 
   HI_SS0648  7 0.3932 0.6068 
   HI_SS0649  7 0.6337 0.3663 
   HI_SS0650  7 0.4190 0.5810 
   HI_SS0651  7 0.5380 0.4620 
   HI_SS0652  7 0.1756 0.8244 
   NS_SS1371  7 0.8478 0.1522 
   NS_SS1374  7 0.5871 0.4129 
   NS_SS1337  7 0.1513 0.8487 
   NS_SS1385  7 0.6604 0.3396 
   NS_SS1388  7 0.3165 0.6835 
   NS_SS1370  7 0.1594 0.8406 
   NS_SS1389  7 0.1651 0.8349 
   NS_SS1360  7 0.5833 0.4167 
   NS_SS1330  7 0.2635 0.7365 
   NS_SS1328  7 0.7277 0.2723 
   NS_SS1384  7 0.6514 0.3486 
   NS_SS1381  7 0.3198 0.6802 
   NS_SS1375  7 0.2346 0.7654 
   NS_SS1319  7 0.5022 0.4978 
   NS_SS1326  7 0.7160 0.2840 
   NS_SS1341  7 0.7698 0.2302 
   NS_SS1383  7 0.4923 0.5077 
   NS_SS1318  7 0.3345 0.6655 
   NS_SS1348  7 0.8518 0.1482 
   NS_SS1363  7 0.3586 0.6414 
   NS_SS1335  7 0.6922 0.3078 
   NS_SS1358  7 0.7063 0.2937 
   NS_SS1342  7 0.8095 0.1905 
   NS_SS1320  7 0.1781 0.8219 
   NS_SS1355  7 0.3189 0.6811 
   NS_SS1345  7 0.2709 0.7291 
   NS_SS1324  7 0.6544 0.3456 
   NS_SS1347  7 0.7312 0.2688 
   NS_SS1321  7 0.7283 0.2717 
   NS_SS1333  7 0.7097 0.2903 
   NS_SS1364  7 0.5986 0.4014 
   NS_SS1379  7 0.4375 0.5625 
   NS_SS1332  7 0.7309 0.2691 
   NS_SS1338  7 0.6068 0.3932 
   NS_SS1368  7 0.6852 0.3148 
   NS_SS1354  7 0.5223 0.4777 
   NS_SS1365  7 0.2325 0.7675 
   NS_SS1380  7 0.2011 0.7989 
   NS_SS1329  7 0.7780 0.2220 
   NS_SS1362  7 0.6077 0.3923 
   NS_SS1327  7 0.8979 0.1021 
   NS_SS1350  7 0.8050 0.1950 
   NS_SS1387  7 0.2708 0.7292 
   NS_SS1369  7 0.5863 0.4137 
   NS_SS1331  7 0.3045 0.6955 
   NS_SS1357  7 0.7125 0.2875 
   NS_SS1386  7 0.8706 0.1294 
   NS_SS1353  7 0.4663 0.5337 
   NS_SS1323  7 0.2601 0.7399 
   HI_SS0296  8 0.6030 0.3970 
   HI_SS0297  8 0.4501 0.5499 
   HI_SS0299  8 0.5389 0.4611 
   HI_SS0300  8 0.4092 0.5908 
   HI_SS0301  8 0.2051 0.7949 
   HI_SS0302  8 0.4250 0.5750 
   HI_SS0303  8 0.6859 0.3141 
   HI_SS0304  8 0.1997 0.8003 
   HI_SS0306  8 0.5364 0.4636 
   HI_SS0307  8 0.2955 0.7045 
   HI_SS0308  8 0.4741 0.5259 
   HI_SS0309  8 0.4956 0.5044 
   HI_SS0310  8 0.2687 0.7313 
   HI_SS0311  8 0.3063 0.6937 
   HI_SS0314  8 0.4022 0.5978 
   HI_SS0316  8 0.6358 0.3642 
   HI_SS0317  8 0.4677 0.5323 
   HI_SS0318  8 0.7917 0.2083 
   HI_SS0319  8 0.8848 0.1152 
   HI_SS0320  8 0.2134 0.7866 
   HI_SS0321  8 0.8342 0.1658 
   HI_SS0323  8 0.5883 0.4117 
   HI_SS0325  8 0.4332 0.5668 
   HI_SS0327  8 0.9022 0.0978 
   HI_SS0329  8 0.1778 0.8222 
   HI_SS0333  8 0.5917 0.4083 
   HI_SS0334  8 0.8213 0.1787 
   HI_SS0335  8 0.3840 0.6160 
   HI_SS0339  8 0.2226 0.7774 
   HI_SS0343  8 0.4961 0.5039 
   HI_SS0344  8 0.8955 0.1045 
   HI_SS0345  8 0.2610 0.7390 
   HI_SS0346  8 0.4882 0.5118 
   HI_SS0350  8 0.2184 0.7816 
   HI_SS0351  8 0.5452 0.4548 
   HI_SS0352  8 0.3124 0.6876 
   HI_SS0362  8 0.3069 0.6931 
   HI_SS0363  8 0.8367 0.1633 
   HI_SS0365  8 0.7991 0.2009 
   HI_SS0366  8 0.8605 0.1395 
   HI_SS0367  8 0.2545 0.7455 
   HI_SS0369  8 0.1860 0.8140 
   HI_SS0370  8 0.7736 0.2264 
   HI_SS0371  8 0.4998 0.5002 
   HI_SS0373  8 0.4494 0.5506 
   HI_SS0374  8 0.3584 0.6416 
   HI_SS0377  8 0.5862 0.4138 
   HI_SS0379  8 0.8898 0.1102 
   HI_SS0380  8 0.3250 0.6750 
   HI_SS0381  8 0.2972 0.7028 
   HI_SS0384  8 0.5980 0.4020 
   HI_SS0385  8 0.2228 0.7772 
