   NS_SS0963  1 0.5070 0.4930 
   NS_SS0983  1 0.1440 0.8560 
   NS_SS0719  1 0.4109 0.5891 
   NS_SS1001  1 0.8056 0.1944 
   NS_SS0936  1 0.4441 0.5559 
   NS_SS0955  1 0.2566 0.7434 
   NS_SS0944  1 0.5000 0.5000 
   NS_SS0945  1 0.6141 0.3859 
   NS_SS0922  1 0.8185 0.1815 
   NS_SS0929  1 0.2614 0.7386 
   NS_SS0956  1 0.8588 0.1412 
   NS_SS0906  1 0.4364 0.5636 
   NS_SS0721  1 0.6197 0.3803 
   NS_SS0982  1 0.5647 0.4353 
   NS_SS0923  1 0.6595 0.3405 
   NS_SS0905  1 0.4615 0.5385 
   NS_SS0925  1 0.5688 0.4312 
   NS_SS0947  1 0.6500 0.3500 
   NS_SS0926  1 0.2918 0.7082 
   NS_SS0918  1 0.8207 0.1793 
   NS_SS0966  1 0.5806 0.4194 
   NS_SS0938  1 0.7157 0.2843 
   NS_SS0917  1 0.1593 0.8407 
   NS_SS0957  1 0.7752 0.2248 
   NS_SS0987  1 0.8405 0.1595 
   NS_SS0717  1 0.8163 0.1837 
   NS_SS0986  1 0.7368 0.2632 
   NS_SS0953  1 0.7147 0.2853 
   NS_SS0907  1 0.3320 0.6680 
   NS_SS0974  1 0.3002 0.6998 
   NS_SS0989  1 0.1144 0.8856 
   NS_SS0991  1 0.4871 0.5129 
   NS_SS0994  1 0.0914 0.9086 
   NS_SS0931  1 0.5812 0.4188 
   NS_SS1000  1 0.7469 0.2531 
   NS_SS0919  1 0.2058 0.7942 
   NS_SS0949  1 0.1407 0.8593 
   NS_SS0960  1 0.2639 0.7361 
   NS_SS0716  1 0.9165 0.0835 
   NS_SS0924  1 0.2971 0.7029 
   NS_SS0935  1 0.2477 0.7523 
   NS_SS0952  1 0.2295 0.7705 
   NS_SS0962  1 0.7865 0.2135 
   NS_SS0973  1 0.2474 0.7526 
   NS_SS0722  1 0.7999 0.2001 
   NS_SS0979  1 0.7339 0.2661 
   NS_SS0993  1 0.7478 0.2522 
   NS_SS0958  1 0.3271 0.6729 
   NS_SS0988  1 0.5282 0.4718 
   NS_SS1003  1 0.8667 0.1333 
   NS_SS0976  1 0.3222 0.6778 
   NS_SS0964  1 0.8498 0.1502 
   NS_SS0939  1 0.9004 0.0996 
   NS_SS0990  1 0.7426 0.2574 
   NS_SS0984  1 0.8509 0.1491 
   NS_SS0980  1 0.2794 0.7206 
   NS_SS0978  1 0.4066 0.5934 
   NS_SS0951  1 0.6835 0.3165 
   NS_SS0913  1 0.8079 0.1921 
   NS_SS1002  1 0.6551 0.3449 
   NS_SS0948  1 0.6146 0.3854 
   NS_SS0916  1 0.2347 0.7653 
   NS_SS0995  1 0.4494 0.5506 
   NS_SS0927  1 0.1576 0.8424 
   NS_SS0992  1 0.2308 0.7692 
   NS_SS0912  1 0.7232 0.2768 
   NS_SS0981  1 0.7987 0.2013 
   NS_SS0729  2 0.0804 0.9196 
   NS_SS0967  2 0.4079 0.5921 
   NS_SS0941  2 0.5462 0.4538 
   NS_SS0768  2 0.7005 0.2995 
   NS_SS0726  2 0.1301 0.8699 
   NS_SS0763  2 0.2081 0.7919 
   NS_SS0730  2 0.8055 0.1945 
   NS_SS0774  2 0.6735 0.3265 
   NS_SS0723  2 0.6579 0.3421 
   NS_SS0940  2 0.4331 0.5669 
   NS_SS0762  2 0.8859 0.1141 
   NS_SS0766  2 0.5772 0.4228 
   NS_SS0724  2 0.8203 0.1797 
   NS_SS0769  2 0.5438 0.4562 
   NS_SS0777  2 0.6404 0.3596 
   NS_SS0734  2 0.4945 0.5055 
   NS_SS0737  2 0.7455 0.2545 
   NS_SS0732  2 0.7725 0.2275 
   NS_SS0728  2 0.5072 0.4928 
   NS_SS0735  2 0.6207 0.3793 
   NS_SS0725  2 0.8272 0.1728 
   NS_SS0788  2 0.3504 0.6496 
   NS_SS0778  2 0.4422 0.5578 
   NS_SS0792  2 0.3775 0.6225 
   NS_SS0943  2 0.3296 0.6704 
   NS_SS0791  2 0.4056 0.5944 
   NS_SS0790  2 0.9137 0.0863 
   NS_SS0731  2 0.8431 0.1569 
   NS_SS0727  2 0.2197 0.7803 
   NS_SS0779  2 0.6224 0.3776 
   NS_SS0776  2 0.7020 0.2980 
   NS_SS0775  2 0.7822 0.2178 
   NS_SS0965  3 0.7507 0.2493 
   NS_SS0754  3 0.2859 0.7141 
   NS_SS0838  3 0.5356 0.4644 
   NS_SS0839  3 0.8012 0.1988 
   NS_SS0832  3 0.8728 0.1272 
   NS_SS0820  3 0.7571 0.2429 
   NS_SS0886  3 0.4292 0.5708 
   NS_SS0748  3 0.4534 0.5466 
   NS_SS0884  3 0.3907 0.6093 
   NS_SS0752  3 0.4066 0.5934 
   NS_SS0862  3 0.7974 0.2026 
   NS_SS0787  3 0.1423 0.8577 
   NS_SS0843  3 0.4539 0.5461 
   NS_SS0856  3 0.5080 0.4920 
   NS_SS0846  3 0.1811 0.8189 
   NS_SS0825  3 0.5153 0.4847 
   NS_SS0757  3 0.3708 0.6292 
   NS_SS0876  3 0.5945 0.4055 
   NS_SS0903  3 0.3609 0.6391 
   NS_SS0875  3 0.7875 0.2125 
   NS_SS0740  3 0.4707 0.5293 
   NS_SS0811  3 0.8937 0.1063 
   NS_SS0751  3 0.5941 0.4059 
   NS_SS0891  3 0.6872 0.3128 
   NS_SS0867  3 0.3333 0.6667 
   NS_SS0890  3 0.4146 0.5854 
   NS_SS0866  3 0.1769 0.8231 
   NS_SS0755  3 0.6229 0.3771 
   NS_SS0758  3 0.4508 0.5492 
   NS_SS0840  3 0.8398 0.1602 
   NS_SS0889  3 0.4305 0.5695 
   NS_SS1010  3 0.5262 0.4738 
   NS_SS0888  3 0.1238 0.8762 
   NS_SS0837  3 0.8166 0.1834 
   NS_SS0794  3 0.2197 0.7803 
   NS_SS0823  3 0.6841 0.3159 
   NS_SS0829  3 0.3091 0.6909 
   NS_SS0844  3 0.5285 0.4715 
   NS_SS1008  3 0.3957 0.6043 
   NS_SS0881  3 0.5206 0.4794 
   NS_SS0834  3 0.7530 0.2470 
   NS_SS0744  3 0.3085 0.6915 
   NS_SS0899  3 0.9116 0.0884 
   NS_SS0804  3 0.8345 0.1655 
   NS_SS0781  3 0.8265 0.1735 
   NS_SS0822  3 0.4500 0.5500 
   NS_SS1004  3 0.4959 0.5041 
   NS_SS0746  3 0.4563 0.5437 
   NS_SS0880  3 0.6453 0.3547 
   NS_SS0879  3 0.7535 0.2465 
   NS_SS0753  3 0.3348 0.6652 
   NS_SS1007  3 0.2904 0.7096 
   NS_SS0872  3 0.6598 0.3402 
   NS_SS1005  3 0.5939 0.4061 
   NS_SS0892  3 0.5525 0.4475 
   NS_SS0898  3 0.5179 0.4821 
   NS_SS0801  3 0.6610 0.3390 
   NS_SS0827  3 0.5978 0.4022 
   NS_SS0853  3 0.7148 0.2852 
   NS_SS0780  3 0.7689 0.2311 
   NS_SS0826  3 0.6603 0.3397 
   NS_SS0818  3 0.8412 0.1588 
   NS_SS0745  3 0.9395 0.0605 
   NS_SS0849  3 0.8278 0.1722 
   NS_SS0739  3 0.6218 0.3782 
   NS_SS0799  3 0.1677 0.8323 
   NS_SS0756  3 0.8645 0.1355 
   NS_SS0802  3 0.1986 0.8014 
   NS_SS0747  3 0.2835 0.7165 
   NS_SS0835  3 0.0859 0.9141 
   NS_SS0742  3 0.4743 0.5257 
   NS_SS0760  3 0.2058 0.7942 
   NS_SS0803  3 0.5674 0.4326 
   NS_SS0828  3 0.5770 0.4230 
   NS_SS0865  3 0.5013 0.4987 
   NS_SS0759  3 0.8392 0.1608 
   NS_SS0851  3 0.9166 0.0834 
   NS_SS0874  3 0.6098 0.3902 
   NS_SS0761  3 0.2499 0.7501 
   NS_SS0842  3 0.4043 0.5957 
   NS_SS0785  3 0.3335 0.6665 
   NS_SS0860  3 0.0959 0.9041 
   NS_SS0897  3 0.1784 0.8216 
   NS_SS0841  3 0.8669 0.1331 
   NS_SS0797  3 0.5953 0.4047 
   NS_SS0830  3 0.6497 0.3503 
   NS_SS1011  3 0.7211 0.2789 
   NS_SS0883  3 0.3419 0.6581 
   NS_SS0782  3 0.4927 0.5073 
   NS_SS0831  3 0.4112 0.5888 
   NS_SS0749  3 0.4123 0.5877 
   NS_SS0854  3 0.2196 0.7804 
   HI_SS0193  4 0.5250 0.4750 
   HI_SS0194  4 0.7636 0.2364 
   HI_SS0195  4 0.8849 0.1151 
   HI_SS0196  4 0.4082 0.5918 
   HI_SS0197  4 0.3947 0.6053 
   HI_SS0198  4 0.4677 0.5323 
   HI_SS0199  4 0.1644 0.8356 
   HI_SS0201  4 0.1674 0.8326 
   HI_SS0215  4 0.1480 0.8520 
   HI_SS0218  4 0.1623 0.8377 
   HI_SS0222  4 0.6787 0.3213 
   HI_SS0230  4 0.7204 0.2796 
   HI_SS0234  4 0.2124 0.7876 
   HI_SS0240  4 0.4081 0.5919 
   HI_SS0241  4 0.1830 0.8170 
   HI_SS0242  4 0.5535 0.4465 
   HI_SS0247  4 0.7419 0.2581 
   HI_SS0248  4 0.1813 0.8187 
   HI_SS0252  4 0.6885 0.3115 
   HI_SS0254  4 0.2222 0.7778 
   HI_SS0256  4 0.8565 0.1435 
   HI_SS0257  4 0.1101 0.8899 
   HI_SS0258  4 0.3274 0.6726 
   HI_SS0259  4 0.6094 0.3906 
   HI_SS0260  4 0.1890 0.8110 
   HI_SS0261  4 0.3955 0.6045 
   HI_SS0262  4 0.6601 0.3399 
   HI_SS0264  4 0.8274 0.1726 
   HI_SS0265  4 0.5817 0.4183 
   HI_SS0268  4 0.5131 0.4869 
   HI_SS0269  4 0.0661 0.9339 
   HI_SS0273  4 0.2832 0.7168 
   HI_SS0277  4 0.5169 0.4831 
   HI_SS0280  4 0.7073 0.2927 
   HI_SS0282  4 0.3236 0.6764 
   HI_SS0286  4 0.3554 0.6446 
   NS_SS1252  5 0.1125 0.8875 
   NS_SS1261  5 0.3642 0.6358 
   NS_SS1225  5 0.2317 0.7683 
   NS_SS1266  5 0.7772 0.2228 
   NS_SS1228  5 0.7930 0.2070 
   NS_SS1255  5 0.6228 0.3772 
   NS_SS1267  5 0.0977 0.9023 
   NS_SS1238  5 0.7156 0.2844 
   NS_SS1233  5 0.8786 0.1214 
   NS_SS1277  5 0.3446 0.6554 
   NS_SS1245  5 0.4707 0.5293 
   NS_SS1240  5 0.1028 0.8972 
   NS_SS1275  5 0.8563 0.1437 
   NS_SS1235  5 0.3217 0.6783 
   NS_SS1263  5 0.8065 0.1935 
   NS_SS1251  5 0.7012 0.2988 
   NS_SS1248  5 0.8858 0.1142 
   NS_SS1244  5 0.3828 0.6172 
   NS_SS1257  5 0.2604 0.7396 
   NS_SS1242  5 0.8381 0.1619 
   NS_SS1271  5 0.1179 0.8821 
   NS_SS1265  5 0.3286 0.6714 
   NS_SS1243  5 0.8251 0.1749 
   NS_SS1273  5 0.8685 0.1315 
   NS_SS1254  5 0.7153 0.2847 
   NS_SS1224  5 0.8584 0.1416 
   NS_SS1227  5 0.1073 0.8927 
   NS_SS1274  5 0.2767 0.7233 
   NS_SS1241  5 0.2807 0.7193 
   NS_SS1256  5 0.4522 0.5478 
   NS_SS1260  5 0.1211 0.8789 
   NS_SS1262  5 0.3455 0.6545 
   NS_SS1230  5 0.4565 0.5435 
   NS_SS1270  5 0.7922 0.2078 
   NS_SS1229  5 0.2162 0.7838 
   NS_SS1246  5 0.1494 0.8506 
   NS_SS1269  5 0.5725 0.4275 
   NS_SS1239  5 0.6380 0.3620 
   NS_SS1272  5 0.5125 0.4875 
   NS_SS1268  5 0.8872 0.1128 
   NS_SS1249  5 0.1210 0.8790 
   HI_SS0559  6 0.5058 0.4942 
   HI_SS0563  6 0.5306 0.4694 
   HI_SS0564  6 0.6278 0.3722 
   HI_SS0565  6 0.2783 0.7217 
   HI_SS0569  6 0.2425 0.7575 
   HI_SS0570  6 0.1988 0.8012 
   HI_SS0572  6 0.5294 0.4706 
   HI_SS0576  6 0.7792 0.2208 
   HI_SS0579  6 0.2463 0.7537 
   HI_SS0580  6 0.3627 0.6373 
   HI_SS0581  6 0.8044 0.1956 
   HI_SS0583  6 0.2241 0.7759 
   HI_SS0586  6 0.2817 0.7183 
   HI_SS0588  6 0.2675 0.7325 
   HI_SS0595  6 0.1833 0.8167 
   HI_SS0596  6 0.7376 0.2624 
   HI_SS0597  6 0.6241 0.3759 
   HI_SS0600  6 0.2672 0.7328 
   HI_SS0601  6 0.2432 0.7568 
   HI_SS0602  6 0.4460 0.5540 
   HI_SS0604  6 0.6117 0.3883 
   HI_SS0605  6 0.4710 0.5290 
   HI_SS0608  6 0.6858 0.3142 
   HI_SS0609  6 0.7163 0.2837 
   HI_SS0611  6 0.2346 0.7654 
   HI_SS0612  6 0.2573 0.7427 
   HI_SS0613  6 0.7267 0.2733 
   HI_SS0615  6 0.7692 0.2308 
   HI_SS0001  6 0.3596 0.6404 
   HI_SS0002  6 0.6780 0.3220 
   HI_SS0004  6 0.3837 0.6163 
   HI_SS0005  6 0.7900 0.2100 
   HI_SS0006  6 0.2832 0.7168 
   HI_SS0007  6 0.6693 0.3307 
   HI_SS0008  6 0.5939 0.4061 
   HI_SS0009  6 0.8224 0.1776 
   HI_SS0010  6 0.5747 0.4253 
   HI_SS0011  6 0.8191 0.1809 
   HI_SS0012  6 0.4125 0.5875 
   HI_SS0017  6 0.8067 0.1933 
   HI_SS0021  6 0.4679 0.5321 
   HI_SS0024  6 0.7783 0.2217 
   HI_SS0025  6 0.8421 0.1579 
   HI_SS0027  6 0.3821 0.6179 
   HI_SS0028  6 0.8804 0.1196 
   HI_SS0029  6 0.5808 0.4192 
   HI_SS0030  6 0.3149 0.6851 
   HI_SS0031  6 0.2285 0.7715 
   HI_SS0034  6 0.1468 0.8532 
   HI_SS0036  6 0.2939 0.7061 
   HI_SS0037  6 0.2797 0.7203 
   HI_SS0039  6 0.5352 0.4648 
   HI_SS0041  6 0.8440 0.1560 
   HI_SS0042  6 0.7832 0.2168 
   HI_SS0043  6 0.1289 0.8711 
   HI_SS0044  6 0.3411 0.6589 
   HI_SS0047  6 0.6790 0.3210 
   HI_SS0049  6 0.7485 0.2515 
   HI_SS0051  6 0.6142 0.3858 
   HI_SS0053  6 0.1326 0.8674 
   HI_SS0054  6 0.3240 0.6760 
   HI_SS0057  6 0.8215 0.1785 
   HI_SS0058  6 0.3732 0.6268 
   HI_SS0060  6 0.6704 0.3296 
   HI_SS0087  6 0.3941 0.6059 
   HI_SS0091  6 0.0893 0.9107 
   HI_SS0095  6 0.2987 0.7013 
   HI_SS0097  6 0.3153 0.6847 
   HI_SS0099  6 0.7592 0.2408 
   HI_SS0103  6 0.3955 0.6045 
   HI_SS0105  6 0.4280 0.5720 
   HI_SS0107  6 0.7358 0.2642 
   HI_SS0108  6 0.0938 0.9062 
   HI_SS0110  6 0.2065 0.7935 
   HI_SS0111  6 0.5419 0.4581 
   HI_SS0112  6 0.1388 0.8612 
   HI_SS0113  6 0.8378 0.1622 
   HI_SS0114  6 0.3752 0.6248 
   HI_SS0115  6 0.4087 0.5913 
   HI_SS0116  6 0.1711 0.8289 
   HI_SS0117  6 0.2708 0.7292 
   HI_SS0118  6 0.2497 0.7503 
   HI_SS0119  6 0.1794 0.8206 
   HI_SS0120  6 0.7701 0.2299 
   HI_SS0121  6 0.8427 0.1573 
   HI_SS0122  6 0.5026 0.4974 
   HI_SS0123  6 0.4356 0.5644 
   HI_SS0124  6 0.8318 0.1682 
   HI_SS0125  6 0.8413 0.1587 
   HI_SS0126  6 0.2194 0.7806 
   HI_SS0127  6 0.7590 0.2410 
   HI_SS0128  6 0.4951 0.5049 
   HI_SS0129  6 0.3543 0.6457 
   HI_SS0131  6 0.4404 0.5596 
   HI_SS0132  6 0.6303 0.3697 
   HI_SS0133  6 0.1515 0.8485 
   HI_SS0134  6 0.3534 0.6466 
   HI_SS0142  6 0.4310 0.5690 
   HI_SS0145  6 0.3071 0.6929 
   HI_SS0146  6 0.3414 0.6586 
   HI_SS0147  6 0.8570 0.1430 
   HI_SS0149  6 0.4928 0.5072 
   HI_SS0150  6 0.8516 0.1484 
   HI_SS0151  6 0.3140 0.6860 
   NS_SS1451  6 0.8500 0.1500 
   NS_SS1404  6 0.8203 0.1797 
   NS_SS1432  6 0.7367 0.2633 
   NS_SS1405  6 0.7118 0.2882 
   NS_SS1431  6 0.8108 0.1892 
   NS_SS1402  6 0.2336 0.7664 
   NS_SS1450  6 0.4466 0.5534 
   NS_SS1396  6 0.5692 0.4308 
   NS_SS1393  6 0.2155 0.7845 
   NS_SS1392  6 0.7577 0.2423 
   NS_SS1445  6 0.2635 0.7365 
   NS_SS1423  6 0.2095 0.7905 
   NS_SS1421  6 0.4251 0.5749 
   NS_SS1411  6 0.5723 0.4277 
   NS_SS1453  6 0.2584 0.7416 
   NS_SS1442  6 0.5747 0.4253 
   NS_SS1422  6 0.3289 0.6711 
   NS_SS1419  6 0.8000 0.2000 
   NS_SS1427  6 0.1331 0.8669 
   NS_SS1444  6 0.8131 0.1869 
   NS_SS1455  6 0.7800 0.2200 
   NS_SS1425  6 0.1079 0.8921 
   NS_SS1400  6 0.4792 0.5208 
   NS_SS1406  6 0.7230 0.2770 
   NS_SS1417  6 0.5832 0.4168 
   NS_SS1454  6 0.5851 0.4149 
   NS_SS1412  6 0.4658 0.5342 
   NS_SS1438  6 0.1920 0.8080 
   NS_SS1416  6 0.5971 0.4029 
   NS_SS1401  6 0.2109 0.7891 
   NS_SS1424  6 0.3242 0.6758 
   NS_SS1435  6 0.6713 0.3287 
   NS_SS1447  6 0.7969 0.2031 
   NS_SS1414  6 0.8864 0.1136 
   NS_SS1449  6 0.3905 0.6095 
   NS_SS1443  6 0.1152 0.8848 
   NS_SS1434  6 0.3035 0.6965 
   NS_SS1398  6 0.7038 0.2962 
   NS_SS1426  6 0.1448 0.8552 
   NS_SS1413  6 0.2567 0.7433 
   NS_SS1395  6 0.1314 0.8686 
   NS_SS1448  6 0.7674 0.2326 
   NS_SS1446  6 0.1787 0.8213 
   NS_SS1403  6 0.3694 0.6306 
   NS_SS1415  6 0.2631 0.7369 
   NS_SS1437  6 0.7439 0.2561 
   NS_SS1439  6 0.2680 0.7320 
   NS_SS1441  6 0.1534 0.8466 
   NS_SS1420  6 0.8971 0.1029 
   NS_SS1394  6 0.8544 0.1456 
   NS_SS1391  6 0.1946 0.8054 
   NS_SS1410  6 0.2906 0.7094 
   NS_SS1408  6 0.6026 0.3974 
   NS_SS1409  6 0.2138 0.7862 
   HI_SS0617  7 0.2896 0.7104 
   HI_SS0618  7 0.7469 0.2531 
   HI_SS0619  7 0.5296 0.4704 
   HI_SS0620  7 0.2205 0.7795 
   HI_SS0621  7 0.6436 0.3564 
   HI_SS0622  7 0.6984 0.3016 
   HI_SS0626  7 0.7608 0.2392 
   HI_SS0627  7 0.6127 0.3873 
   HI_SS0628  7 0.5436 0.4564 
   HI_SS0629  7 0.4274 0.5726 
   HI_SS0630  7 0.2985 0.7015 
   HI_SS0631  7 0.4475 0.5525 
   HI_SS0632  7 0.8035 0.1965 
   HI_SS0633  7 0.5527 0.4473 
   HI_SS0634  7 0.6353 0.3647 
   HI_SS0635  7 0.8277 0.1723 
   HI_SS0637  7 0.5094 0.4906 
   HI_SS0638  7 0.6678 0.3322 
   HI_SS0639  7 0.7896 0.2104 
   HI_SS0640  7 0.5853 0.4147 
   HI_SS0641  7 0.3540 0.6460 
   HI_SS0642  7 0.6412 0.3588 
   HI_SS0645  7 0.9079 0.0921 
   HI_SS0646  7 0.2630 0.7370 
   HI_SS0647  7 0.7070 0.2930 
   HI_SS0648  7 0.6368 0.3632 
   HI_SS0649  7 0.3291 0.6709 
   HI_SS0650  7 0.5768 0.4232 
   HI_SS0651  7 0.4444 0.5556 
   HI_SS0652  7 0.8521 0.1479 
   NS_SS1371  7 0.1155 0.8845 
   NS_SS1374  7 0.4158 0.5842 
   NS_SS1337  7 0.8777 0.1223 
   NS_SS1385  7 0.2958 0.7042 
   NS_SS1388  7 0.7126 0.2874 
   NS_SS1370  7 0.8655 0.1345 
   NS_SS1389  7 0.8645 0.1355 
   NS_SS1360  7 0.3921 0.6079 
   NS_SS1330  7 0.7569 0.2431 
   NS_SS1328  7 0.2527 0.7473 
   NS_SS1384  7 0.3096 0.6904 
   NS_SS1381  7 0.7109 0.2891 
   NS_SS1375  7 0.7915 0.2085 
   NS_SS1319  7 0.4394 0.5606 
   NS_SS1326  7 0.2344 0.7656 
   NS_SS1341  7 0.1917 0.8083 
   NS_SS1383  7 0.5358 0.4642 
   NS_SS1318  7 0.7035 0.2965 
   NS_SS1348  7 0.1155 0.8845 
   NS_SS1363  7 0.6822 0.3178 
   NS_SS1335  7 0.2893 0.7107 
   NS_SS1358  7 0.2765 0.7235 
   NS_SS1342  7 0.1625 0.8375 
   NS_SS1320  7 0.8410 0.1590 
   NS_SS1355  7 0.7255 0.2745 
   NS_SS1345  7 0.7820 0.2180 
   NS_SS1324  7 0.3134 0.6866 
   NS_SS1347  7 0.2264 0.7736 
   NS_SS1321  7 0.2135 0.7865 
   NS_SS1333  7 0.2403 0.7597 
   NS_SS1364  7 0.4298 0.5702 
   NS_SS1379  7 0.6101 0.3899 
   NS_SS1332  7 0.2287 0.7713 
   NS_SS1338  7 0.4109 0.5891 
   NS_SS1368  7 0.2962 0.7038 
   NS_SS1354  7 0.4511 0.5489 
   NS_SS1365  7 0.8154 0.1846 
   NS_SS1380  7 0.8228 0.1772 
   NS_SS1329  7 0.2130 0.7870 
   NS_SS1362  7 0.3692 0.6308 
   NS_SS1327  7 0.0812 0.9188 
   NS_SS1350  7 0.1396 0.8604 
   NS_SS1387  7 0.7738 0.2262 
   NS_SS1369  7 0.4487 0.5513 
   NS_SS1331  7 0.7326 0.2674 
   NS_SS1357  7 0.2303 0.7697 
   NS_SS1386  7 0.0999 0.9001 
   NS_SS1353  7 0.5334 0.4666 
   NS_SS1323  7 0.7631 0.2369 
   HI_SS0296  8 0.3903 0.6097 
   HI_SS0297  8 0.5868 0.4132 
   HI_SS0299  8 0.5217 0.4783 
   HI_SS0300  8 0.6529 0.3471 
   HI_SS0301  8 0.8436 0.1564 
   HI_SS0302  8 0.5888 0.4112 
   HI_SS0303  8 0.2826 0.7174 
   HI_SS0304  8 0.8320 0.1680 
   HI_SS0306  8 0.4834 0.5166 
   HI_SS0307  8 0.7339 0.2661 
   HI_SS0308  8 0.5100 0.4900 
   HI_SS0309  8 0.4948 0.5052 
   HI_SS0310  8 0.7733 0.2267 
   HI_SS0311  8 0.7423 0.2577 
   HI_SS0314  8 0.6233 0.3767 
   HI_SS0316  8 0.3003 0.6997 
   HI_SS0317  8 0.5242 0.4758 
   HI_SS0318  8 0.1672 0.8328 
   HI_SS0319  8 0.0968 0.9032 
   HI_SS0320  8 0.8132 0.1868 
   HI_SS0321  8 0.1240 0.8760 
   HI_SS0323  8 0.4039 0.5961 
   HI_SS0325  8 0.6254 0.3746 
   HI_SS0327  8 0.0736 0.9264 
   HI_SS0329  8 0.8537 0.1463 
   HI_SS0333  8 0.3846 0.6154 
   HI_SS0334  8 0.1469 0.8531 
   HI_SS0335  8 0.6210 0.3790 
   HI_SS0339  8 0.8080 0.1920 
   HI_SS0343  8 0.4915 0.5085 
   HI_SS0344  8 0.0817 0.9183 
   HI_SS0345  8 0.7819 0.2181 
   HI_SS0346  8 0.5537 0.4463 
   HI_SS0350  8 0.8082 0.1918 
   HI_SS0351  8 0.4722 0.5278 
   HI_SS0352  8 0.7140 0.2860 
   HI_SS0362  8 0.7138 0.2862 
   HI_SS0363  8 0.1344 0.8656 
   HI_SS0365  8 0.1733 0.8267 
   HI_SS0366  8 0.1186 0.8814 
   HI_SS0367  8 0.7789 0.2211 
   HI_SS0369  8 0.8392 0.1608 
   HI_SS0370  8 0.1821 0.8179 
   HI_SS0371  8 0.5303 0.4697 
   HI_SS0373  8 0.5253 0.4747 
   HI_SS0374  8 0.6716 0.3284 
   HI_SS0377  8 0.3868 0.6132 
   HI_SS0379  8 0.0918 0.9082 
   HI_SS0380  8 0.7225 0.2775 
   HI_SS0381  8 0.7295 0.2705 
   HI_SS0384  8 0.3932 0.6068 
   HI_SS0385  8 0.8146 0.1854 
