   NS_SS0963  1 0.4928 0.5072 
   NS_SS0983  1 0.1698 0.8302 
   NS_SS0719  1 0.4313 0.5687 
   NS_SS1001  1 0.7525 0.2475 
   NS_SS0936  1 0.4181 0.5819 
   NS_SS0955  1 0.3111 0.6889 
   NS_SS0944  1 0.5111 0.4889 
   NS_SS0945  1 0.5731 0.4269 
   NS_SS0922  1 0.7536 0.2464 
   NS_SS0929  1 0.3191 0.6809 
   NS_SS0956  1 0.8239 0.1761 
   NS_SS0906  1 0.4462 0.5538 
   NS_SS0721  1 0.5993 0.4007 
   NS_SS0982  1 0.5955 0.4045 
   NS_SS0923  1 0.5885 0.4115 
   NS_SS0905  1 0.4801 0.5199 
   NS_SS0925  1 0.5451 0.4549 
   NS_SS0947  1 0.5929 0.4071 
   NS_SS0926  1 0.3261 0.6739 
   NS_SS0918  1 0.7816 0.2184 
   NS_SS0966  1 0.5632 0.4368 
   NS_SS0938  1 0.5747 0.4253 
   NS_SS0917  1 0.2334 0.7666 
   NS_SS0957  1 0.7285 0.2715 
   NS_SS0987  1 0.8078 0.1922 
   NS_SS0717  1 0.7474 0.2526 
   NS_SS0986  1 0.6683 0.3317 
   NS_SS0953  1 0.6880 0.3120 
   NS_SS0907  1 0.3980 0.6020 
   NS_SS0974  1 0.3679 0.6321 
   NS_SS0989  1 0.1601 0.8399 
   NS_SS0991  1 0.5015 0.4985 
   NS_SS0994  1 0.1439 0.8561 
   NS_SS0931  1 0.5398 0.4602 
   NS_SS1000  1 0.6655 0.3345 
   NS_SS0919  1 0.2487 0.7513 
   NS_SS0949  1 0.1971 0.8029 
   NS_SS0960  1 0.3691 0.6309 
   NS_SS0716  1 0.8865 0.1135 
   NS_SS0924  1 0.3699 0.6301 
   NS_SS0935  1 0.3416 0.6584 
   NS_SS0952  1 0.2807 0.7193 
   NS_SS0962  1 0.7105 0.2895 
   NS_SS0973  1 0.3190 0.6810 
   NS_SS0722  1 0.7250 0.2750 
   NS_SS0979  1 0.6924 0.3076 
   NS_SS0993  1 0.6268 0.3732 
   NS_SS0958  1 0.4062 0.5938 
   NS_SS0988  1 0.5254 0.4746 
   NS_SS1003  1 0.7951 0.2049 
   NS_SS0976  1 0.3336 0.6664 
   NS_SS0964  1 0.7986 0.2014 
   NS_SS0939  1 0.8557 0.1443 
   NS_SS0990  1 0.6808 0.3192 
   NS_SS0984  1 0.7596 0.2404 
   NS_SS0980  1 0.3219 0.6781 
   NS_SS0978  1 0.4314 0.5686 
   NS_SS0951  1 0.6844 0.3156 
   NS_SS0913  1 0.7590 0.2410 
   NS_SS1002  1 0.5928 0.4072 
   NS_SS0948  1 0.5561 0.4439 
   NS_SS0916  1 0.2525 0.7475 
   NS_SS0995  1 0.4640 0.5360 
   NS_SS0927  1 0.2274 0.7726 
   NS_SS0992  1 0.2846 0.7154 
   NS_SS0912  1 0.6868 0.3132 
   NS_SS0981  1 0.7216 0.2784 
   NS_SS0729  2 0.1145 0.8855 
   NS_SS0967  2 0.4690 0.5310 
   NS_SS0941  2 0.4883 0.5117 
   NS_SS0768  2 0.7011 0.2989 
   NS_SS0726  2 0.1629 0.8371 
   NS_SS0763  2 0.2551 0.7449 
   NS_SS0730  2 0.7441 0.2559 
   NS_SS0774  2 0.6166 0.3834 
   NS_SS0723  2 0.5986 0.4014 
   NS_SS0940  2 0.4154 0.5846 
   NS_SS0762  2 0.8338 0.1662 
   NS_SS0766  2 0.5274 0.4726 
   NS_SS0724  2 0.7551 0.2449 
   NS_SS0769  2 0.5290 0.4710 
   NS_SS0777  2 0.5675 0.4325 
   NS_SS0734  2 0.5249 0.4751 
   NS_SS0737  2 0.6506 0.3494 
   NS_SS0732  2 0.7185 0.2815 
   NS_SS0728  2 0.4745 0.5255 
   NS_SS0735  2 0.5691 0.4309 
   NS_SS0725  2 0.7285 0.2715 
   NS_SS0788  2 0.3935 0.6065 
   NS_SS0778  2 0.4291 0.5709 
   NS_SS0792  2 0.4388 0.5612 
   NS_SS0943  2 0.4031 0.5969 
   NS_SS0791  2 0.4216 0.5784 
   NS_SS0790  2 0.8788 0.1212 
   NS_SS0731  2 0.7981 0.2019 
   NS_SS0727  2 0.2664 0.7336 
   NS_SS0779  2 0.5295 0.4705 
   NS_SS0776  2 0.6179 0.3821 
   NS_SS0775  2 0.7435 0.2565 
   NS_SS0965  3 0.6854 0.3146 
   NS_SS0754  3 0.3766 0.6234 
   NS_SS0838  3 0.4845 0.5155 
   NS_SS0839  3 0.7358 0.2642 
   NS_SS0832  3 0.8172 0.1828 
   NS_SS0820  3 0.7523 0.2477 
   NS_SS0886  3 0.4412 0.5588 
   NS_SS0748  3 0.4536 0.5464 
   NS_SS0884  3 0.4194 0.5806 
   NS_SS0752  3 0.4128 0.5872 
   NS_SS0862  3 0.7577 0.2423 
   NS_SS0787  3 0.2525 0.7475 
   NS_SS0843  3 0.4379 0.5621 
   NS_SS0856  3 0.5024 0.4976 
   NS_SS0846  3 0.2324 0.7676 
   NS_SS0825  3 0.4954 0.5046 
   NS_SS0757  3 0.4393 0.5607 
   NS_SS0876  3 0.5713 0.4287 
   NS_SS0903  3 0.4003 0.5997 
   NS_SS0875  3 0.7290 0.2710 
   NS_SS0740  3 0.4606 0.5394 
   NS_SS0811  3 0.8582 0.1418 
   NS_SS0751  3 0.5542 0.4458 
   NS_SS0891  3 0.5969 0.4031 
   NS_SS0867  3 0.3741 0.6259 
   NS_SS0890  3 0.4521 0.5479 
   NS_SS0866  3 0.2571 0.7429 
   NS_SS0755  3 0.6296 0.3704 
   NS_SS0758  3 0.4048 0.5952 
   NS_SS0840  3 0.7685 0.2315 
   NS_SS0889  3 0.4844 0.5156 
   NS_SS1010  3 0.5499 0.4501 
   NS_SS0888  3 0.1977 0.8023 
   NS_SS0837  3 0.7676 0.2324 
   NS_SS0794  3 0.3141 0.6859 
   NS_SS0823  3 0.6376 0.3624 
   NS_SS0829  3 0.3950 0.6050 
   NS_SS0844  3 0.5803 0.4197 
   NS_SS1008  3 0.4362 0.5638 
   NS_SS0881  3 0.5100 0.4900 
   NS_SS0834  3 0.6602 0.3398 
   NS_SS0744  3 0.3495 0.6505 
   NS_SS0899  3 0.8733 0.1267 
   NS_SS0804  3 0.7627 0.2373 
   NS_SS0781  3 0.7199 0.2801 
   NS_SS0822  3 0.4385 0.5615 
   NS_SS1004  3 0.5039 0.4961 
   NS_SS0746  3 0.4476 0.5524 
   NS_SS0880  3 0.5662 0.4338 
   NS_SS0879  3 0.6913 0.3087 
   NS_SS0753  3 0.4264 0.5736 
   NS_SS1007  3 0.3140 0.6860 
   NS_SS0872  3 0.6016 0.3984 
   NS_SS1005  3 0.5469 0.4531 
   NS_SS0892  3 0.5300 0.4700 
   NS_SS0898  3 0.5046 0.4954 
   NS_SS0801  3 0.6762 0.3238 
   NS_SS0827  3 0.6303 0.3697 
   NS_SS0853  3 0.7142 0.2858 
   NS_SS0780  3 0.6815 0.3185 
   NS_SS0826  3 0.6027 0.3973 
   NS_SS0818  3 0.7816 0.2184 
   NS_SS0745  3 0.9039 0.0961 
   NS_SS0849  3 0.7805 0.2195 
   NS_SS0739  3 0.5776 0.4224 
   NS_SS0799  3 0.2480 0.7520 
   NS_SS0756  3 0.7991 0.2009 
   NS_SS0802  3 0.2588 0.7412 
   NS_SS0747  3 0.3289 0.6711 
   NS_SS0835  3 0.1308 0.8692 
   NS_SS0742  3 0.4580 0.5420 
   NS_SS0760  3 0.3006 0.6994 
   NS_SS0803  3 0.5284 0.4716 
   NS_SS0828  3 0.5909 0.4091 
   NS_SS0865  3 0.5321 0.4679 
   NS_SS0759  3 0.7752 0.2248 
   NS_SS0851  3 0.8835 0.1165 
   NS_SS0874  3 0.5958 0.4042 
   NS_SS0761  3 0.3170 0.6830 
   NS_SS0842  3 0.4801 0.5199 
   NS_SS0785  3 0.3838 0.6162 
   NS_SS0860  3 0.1595 0.8405 
   NS_SS0897  3 0.2504 0.7496 
   NS_SS0841  3 0.8232 0.1768 
   NS_SS0797  3 0.5769 0.4231 
   NS_SS0830  3 0.6242 0.3758 
   NS_SS1011  3 0.6752 0.3248 
   NS_SS0883  3 0.4136 0.5864 
   NS_SS0782  3 0.4850 0.5150 
   NS_SS0831  3 0.4408 0.5592 
   NS_SS0749  3 0.4427 0.5573 
   NS_SS0854  3 0.2780 0.7220 
   HI_SS0193  4 0.4838 0.5162 
   HI_SS0194  4 0.6201 0.3799 
   HI_SS0195  4 0.8293 0.1707 
   HI_SS0196  4 0.4455 0.5545 
   HI_SS0197  4 0.3758 0.6242 
   HI_SS0198  4 0.4688 0.5312 
   HI_SS0199  4 0.2299 0.7701 
   HI_SS0201  4 0.2301 0.7699 
   HI_SS0215  4 0.2174 0.7826 
   HI_SS0218  4 0.2198 0.7802 
   HI_SS0222  4 0.5950 0.4050 
   HI_SS0230  4 0.6461 0.3539 
   HI_SS0234  4 0.2410 0.7590 
   HI_SS0240  4 0.4219 0.5781 
   HI_SS0241  4 0.2591 0.7409 
   HI_SS0242  4 0.5133 0.4867 
   HI_SS0247  4 0.6541 0.3459 
   HI_SS0248  4 0.2260 0.7740 
   HI_SS0252  4 0.6069 0.3931 
   HI_SS0254  4 0.2741 0.7259 
   HI_SS0256  4 0.8043 0.1957 
   HI_SS0257  4 0.1553 0.8447 
   HI_SS0258  4 0.4031 0.5969 
   HI_SS0259  4 0.5405 0.4595 
   HI_SS0260  4 0.2664 0.7336 
   HI_SS0261  4 0.3631 0.6369 
   HI_SS0262  4 0.6375 0.3625 
   HI_SS0264  4 0.7706 0.2294 
   HI_SS0265  4 0.6001 0.3999 
   HI_SS0268  4 0.5062 0.4938 
   HI_SS0269  4 0.0944 0.9056 
   HI_SS0273  4 0.3733 0.6267 
   HI_SS0277  4 0.4525 0.5475 
   HI_SS0280  4 0.6604 0.3396 
   HI_SS0282  4 0.3698 0.6302 
   HI_SS0286  4 0.4045 0.5955 
   NS_SS1252  5 0.1740 0.8260 
   NS_SS1261  5 0.3996 0.6004 
   NS_SS1225  5 0.3030 0.6970 
   NS_SS1266  5 0.7212 0.2788 
   NS_SS1228  5 0.7470 0.2530 
   NS_SS1255  5 0.5718 0.4282 
   NS_SS1267  5 0.1587 0.8413 
   NS_SS1238  5 0.6620 0.3380 
   NS_SS1233  5 0.8289 0.1711 
   NS_SS1277  5 0.3607 0.6393 
   NS_SS1245  5 0.3985 0.6015 
   NS_SS1240  5 0.1472 0.8528 
   NS_SS1275  5 0.7704 0.2296 
   NS_SS1235  5 0.3227 0.6773 
   NS_SS1263  5 0.7205 0.2795 
   NS_SS1251  5 0.6004 0.3996 
   NS_SS1248  5 0.8545 0.1455 
   NS_SS1244  5 0.3877 0.6123 
   NS_SS1257  5 0.3102 0.6898 
   NS_SS1242  5 0.7790 0.2210 
   NS_SS1271  5 0.1785 0.8215 
   NS_SS1265  5 0.3795 0.6205 
   NS_SS1243  5 0.7707 0.2293 
   NS_SS1273  5 0.8111 0.1889 
   NS_SS1254  5 0.6693 0.3307 
   NS_SS1224  5 0.8044 0.1956 
   NS_SS1227  5 0.1633 0.8367 
   NS_SS1274  5 0.3259 0.6741 
   NS_SS1241  5 0.3207 0.6793 
   NS_SS1256  5 0.4431 0.5569 
   NS_SS1260  5 0.2010 0.7990 
   NS_SS1262  5 0.3940 0.6060 
   NS_SS1230  5 0.4716 0.5284 
   NS_SS1270  5 0.7379 0.2621 
   NS_SS1229  5 0.2313 0.7687 
   NS_SS1246  5 0.1875 0.8125 
   NS_SS1269  5 0.5760 0.4240 
   NS_SS1239  5 0.5786 0.4214 
   NS_SS1272  5 0.4670 0.5330 
   NS_SS1268  5 0.8414 0.1586 
   NS_SS1249  5 0.1699 0.8301 
   HI_SS0559  6 0.5362 0.4638 
   HI_SS0563  6 0.5032 0.4968 
   HI_SS0564  6 0.5427 0.4573 
   HI_SS0565  6 0.3163 0.6837 
   HI_SS0569  6 0.2831 0.7169 
   HI_SS0570  6 0.2497 0.7503 
   HI_SS0572  6 0.4862 0.5138 
   HI_SS0576  6 0.7288 0.2712 
   HI_SS0579  6 0.2930 0.7070 
   HI_SS0580  6 0.4238 0.5762 
   HI_SS0581  6 0.7248 0.2752 
   HI_SS0583  6 0.2616 0.7384 
   HI_SS0586  6 0.3537 0.6463 
   HI_SS0588  6 0.3194 0.6806 
   HI_SS0595  6 0.2385 0.7615 
   HI_SS0596  6 0.6722 0.3278 
   HI_SS0597  6 0.5070 0.4930 
   HI_SS0600  6 0.2998 0.7002 
   HI_SS0601  6 0.3185 0.6815 
   HI_SS0602  6 0.4788 0.5212 
   HI_SS0604  6 0.5356 0.4644 
   HI_SS0605  6 0.4885 0.5115 
   HI_SS0608  6 0.5910 0.4090 
   HI_SS0609  6 0.6407 0.3593 
   HI_SS0611  6 0.3296 0.6704 
   HI_SS0612  6 0.2910 0.7090 
   HI_SS0613  6 0.6989 0.3011 
   HI_SS0615  6 0.6968 0.3032 
   HI_SS0001  6 0.3771 0.6229 
   HI_SS0002  6 0.6177 0.3823 
   HI_SS0004  6 0.4219 0.5781 
   HI_SS0005  6 0.7497 0.2503 
   HI_SS0006  6 0.3177 0.6823 
   HI_SS0007  6 0.6248 0.3752 
   HI_SS0008  6 0.5575 0.4425 
   HI_SS0009  6 0.7616 0.2384 
   HI_SS0010  6 0.5859 0.4141 
   HI_SS0011  6 0.7574 0.2426 
   HI_SS0012  6 0.4465 0.5535 
   HI_SS0017  6 0.6808 0.3192 
   HI_SS0021  6 0.4935 0.5065 
   HI_SS0024  6 0.6992 0.3008 
   HI_SS0025  6 0.7799 0.2201 
   HI_SS0027  6 0.4249 0.5751 
   HI_SS0028  6 0.8400 0.1600 
   HI_SS0029  6 0.5540 0.4460 
   HI_SS0030  6 0.3532 0.6468 
   HI_SS0031  6 0.2765 0.7235 
   HI_SS0034  6 0.1928 0.8072 
   HI_SS0036  6 0.3621 0.6379 
   HI_SS0037  6 0.3912 0.6088 
   HI_SS0039  6 0.5593 0.4407 
   HI_SS0041  6 0.7732 0.2268 
   HI_SS0042  6 0.7031 0.2969 
   HI_SS0043  6 0.1885 0.8115 
   HI_SS0044  6 0.3851 0.6149 
   HI_SS0047  6 0.6089 0.3911 
   HI_SS0049  6 0.6696 0.3304 
   HI_SS0051  6 0.6440 0.3560 
   HI_SS0053  6 0.1679 0.8321 
   HI_SS0054  6 0.3498 0.6502 
   HI_SS0057  6 0.7411 0.2589 
   HI_SS0058  6 0.4399 0.5601 
   HI_SS0060  6 0.6466 0.3534 
   HI_SS0087  6 0.3694 0.6306 
   HI_SS0091  6 0.1199 0.8801 
   HI_SS0095  6 0.3494 0.6506 
   HI_SS0097  6 0.3572 0.6428 
   HI_SS0099  6 0.7393 0.2607 
   HI_SS0103  6 0.4069 0.5931 
   HI_SS0105  6 0.4593 0.5407 
   HI_SS0107  6 0.6142 0.3858 
   HI_SS0108  6 0.1508 0.8492 
   HI_SS0110  6 0.2358 0.7642 
   HI_SS0111  6 0.5178 0.4822 
   HI_SS0112  6 0.1895 0.8105 
   HI_SS0113  6 0.7414 0.2586 
   HI_SS0114  6 0.4303 0.5697 
   HI_SS0115  6 0.4382 0.5618 
   HI_SS0116  6 0.2297 0.7703 
   HI_SS0117  6 0.2913 0.7087 
   HI_SS0118  6 0.3127 0.6873 
   HI_SS0119  6 0.2457 0.7543 
   HI_SS0120  6 0.6478 0.3522 
   HI_SS0121  6 0.7933 0.2067 
   HI_SS0122  6 0.5257 0.4743 
   HI_SS0123  6 0.4118 0.5882 
   HI_SS0124  6 0.7725 0.2275 
   HI_SS0125  6 0.7796 0.2204 
   HI_SS0126  6 0.2780 0.7220 
   HI_SS0127  6 0.7248 0.2752 
   HI_SS0128  6 0.4393 0.5607 
   HI_SS0129  6 0.3585 0.6415 
   HI_SS0131  6 0.5251 0.4749 
   HI_SS0132  6 0.5749 0.4251 
   HI_SS0133  6 0.2100 0.7900 
   HI_SS0134  6 0.3825 0.6175 
   HI_SS0142  6 0.4476 0.5524 
   HI_SS0145  6 0.3574 0.6426 
   HI_SS0146  6 0.4125 0.5875 
   HI_SS0147  6 0.8045 0.1955 
   HI_SS0149  6 0.4789 0.5211 
   HI_SS0150  6 0.7743 0.2257 
   HI_SS0151  6 0.3200 0.6800 
   NS_SS1451  6 0.7990 0.2010 
   NS_SS1404  6 0.7790 0.2210 
   NS_SS1432  6 0.6277 0.3723 
   NS_SS1405  6 0.6793 0.3207 
   NS_SS1431  6 0.7103 0.2897 
   NS_SS1402  6 0.2729 0.7271 
   NS_SS1450  6 0.4094 0.5906 
   NS_SS1396  6 0.5375 0.4625 
   NS_SS1393  6 0.2730 0.7270 
   NS_SS1392  6 0.7002 0.2998 
   NS_SS1445  6 0.3260 0.6740 
   NS_SS1423  6 0.2384 0.7616 
   NS_SS1421  6 0.4155 0.5845 
   NS_SS1411  6 0.5878 0.4122 
   NS_SS1453  6 0.3251 0.6749 
   NS_SS1442  6 0.5488 0.4512 
   NS_SS1422  6 0.3398 0.6602 
   NS_SS1419  6 0.7619 0.2381 
   NS_SS1427  6 0.1547 0.8453 
   NS_SS1444  6 0.7668 0.2332 
   NS_SS1455  6 0.6920 0.3080 
   NS_SS1425  6 0.1758 0.8242 
   NS_SS1400  6 0.5351 0.4649 
   NS_SS1406  6 0.6458 0.3542 
   NS_SS1417  6 0.5672 0.4328 
   NS_SS1454  6 0.5793 0.4207 
   NS_SS1412  6 0.4746 0.5254 
   NS_SS1438  6 0.2593 0.7407 
   NS_SS1416  6 0.5774 0.4226 
   NS_SS1401  6 0.2751 0.7249 
   NS_SS1424  6 0.3878 0.6122 
   NS_SS1435  6 0.6022 0.3978 
   NS_SS1447  6 0.7352 0.2648 
   NS_SS1414  6 0.8514 0.1486 
   NS_SS1449  6 0.3822 0.6178 
   NS_SS1443  6 0.1329 0.8671 
   NS_SS1434  6 0.2963 0.7037 
   NS_SS1398  6 0.6541 0.3459 
   NS_SS1426  6 0.2084 0.7916 
   NS_SS1413  6 0.3147 0.6853 
   NS_SS1395  6 0.1695 0.8305 
   NS_SS1448  6 0.7024 0.2976 
   NS_SS1446  6 0.2296 0.7704 
   NS_SS1403  6 0.3951 0.6049 
   NS_SS1415  6 0.3503 0.6497 
   NS_SS1437  6 0.6628 0.3372 
   NS_SS1439  6 0.3207 0.6793 
   NS_SS1441  6 0.2280 0.7720 
   NS_SS1420  6 0.8488 0.1512 
   NS_SS1394  6 0.8034 0.1966 
   NS_SS1391  6 0.2515 0.7485 
   NS_SS1410  6 0.3460 0.6540 
   NS_SS1408  6 0.5701 0.4299 
   NS_SS1409  6 0.2600 0.7400 
   HI_SS0617  7 0.3365 0.6635 
   HI_SS0618  7 0.6549 0.3451 
   HI_SS0619  7 0.5553 0.4447 
   HI_SS0620  7 0.3082 0.6918 
   HI_SS0621  7 0.6102 0.3898 
   HI_SS0622  7 0.6564 0.3436 
   HI_SS0626  7 0.7224 0.2776 
   HI_SS0627  7 0.5163 0.4837 
   HI_SS0628  7 0.5164 0.4836 
   HI_SS0629  7 0.4541 0.5459 
   HI_SS0630  7 0.3827 0.6173 
   HI_SS0631  7 0.4896 0.5104 
   HI_SS0632  7 0.7362 0.2638 
   HI_SS0633  7 0.5481 0.4519 
   HI_SS0634  7 0.6203 0.3797 
   HI_SS0635  7 0.7705 0.2295 
   HI_SS0637  7 0.5218 0.4782 
   HI_SS0638  7 0.5971 0.4029 
   HI_SS0639  7 0.7130 0.2870 
   HI_SS0640  7 0.5285 0.4715 
   HI_SS0641  7 0.4464 0.5536 
   HI_SS0642  7 0.5333 0.4667 
   HI_SS0645  7 0.8732 0.1268 
   HI_SS0646  7 0.2839 0.7161 
   HI_SS0647  7 0.6237 0.3763 
   HI_SS0648  7 0.6046 0.3954 
   HI_SS0649  7 0.3777 0.6223 
   HI_SS0650  7 0.4920 0.5080 
   HI_SS0651  7 0.4650 0.5350 
   HI_SS0652  7 0.7833 0.2167 
   NS_SS1371  7 0.1639 0.8361 
   NS_SS1374  7 0.4471 0.5529 
   NS_SS1337  7 0.8204 0.1796 
   NS_SS1385  7 0.3700 0.6300 
   NS_SS1388  7 0.6589 0.3411 
   NS_SS1370  7 0.8260 0.1740 
   NS_SS1389  7 0.8069 0.1931 
   NS_SS1360  7 0.4535 0.5465 
   NS_SS1330  7 0.7213 0.2787 
   NS_SS1328  7 0.2841 0.7159 
   NS_SS1384  7 0.3335 0.6665 
   NS_SS1381  7 0.6201 0.3799 
   NS_SS1375  7 0.7037 0.2963 
   NS_SS1319  7 0.4770 0.5230 
   NS_SS1326  7 0.3214 0.6786 
   NS_SS1341  7 0.2517 0.7483 
   NS_SS1383  7 0.4640 0.5360 
   NS_SS1318  7 0.6592 0.3408 
   NS_SS1348  7 0.1751 0.8249 
   NS_SS1363  7 0.6676 0.3324 
   NS_SS1335  7 0.3646 0.6354 
   NS_SS1358  7 0.3080 0.6920 
   NS_SS1342  7 0.2137 0.7863 
   NS_SS1320  7 0.7589 0.2411 
   NS_SS1355  7 0.6171 0.3829 
   NS_SS1345  7 0.6988 0.3012 
   NS_SS1324  7 0.3581 0.6419 
   NS_SS1347  7 0.3061 0.6939 
   NS_SS1321  7 0.3052 0.6948 
   NS_SS1333  7 0.2887 0.7113 
   NS_SS1364  7 0.4274 0.5726 
   NS_SS1379  7 0.5637 0.4363 
   NS_SS1332  7 0.3165 0.6835 
   NS_SS1338  7 0.4579 0.5421 
   NS_SS1368  7 0.3379 0.6621 
   NS_SS1354  7 0.5008 0.4992 
   NS_SS1365  7 0.7236 0.2764 
   NS_SS1380  7 0.7752 0.2248 
   NS_SS1329  7 0.2625 0.7375 
   NS_SS1362  7 0.3762 0.6238 
   NS_SS1327  7 0.1224 0.8776 
   NS_SS1350  7 0.1850 0.8150 
   NS_SS1387  7 0.7071 0.2929 
   NS_SS1369  7 0.4508 0.5492 
   NS_SS1331  7 0.6795 0.3205 
   NS_SS1357  7 0.2415 0.7585 
   NS_SS1386  7 0.1494 0.8506 
   NS_SS1353  7 0.4921 0.5079 
   NS_SS1323  7 0.6805 0.3195 
   HI_SS0296  8 0.4192 0.5808 
   HI_SS0297  8 0.4663 0.5337 
   HI_SS0299  8 0.4620 0.5380 
   HI_SS0300  8 0.5901 0.4099 
   HI_SS0301  8 0.7857 0.2143 
   HI_SS0302  8 0.5931 0.4069 
   HI_SS0303  8 0.3228 0.6772 
   HI_SS0304  8 0.7752 0.2248 
   HI_SS0306  8 0.5010 0.4990 
   HI_SS0307  8 0.6808 0.3192 
   HI_SS0308  8 0.5356 0.4644 
   HI_SS0309  8 0.5115 0.4885 
   HI_SS0310  8 0.6805 0.3195 
   HI_SS0311  8 0.6783 0.3217 
   HI_SS0314  8 0.5620 0.4380 
   HI_SS0316  8 0.3645 0.6355 
   HI_SS0317  8 0.5385 0.4615 
   HI_SS0318  8 0.2247 0.7753 
   HI_SS0319  8 0.1296 0.8704 
   HI_SS0320  8 0.7397 0.2603 
   HI_SS0321  8 0.1774 0.8226 
   HI_SS0323  8 0.4399 0.5601 
   HI_SS0325  8 0.5930 0.4070 
   HI_SS0327  8 0.0931 0.9069 
   HI_SS0329  8 0.7775 0.2225 
   HI_SS0333  8 0.4357 0.5643 
   HI_SS0334  8 0.2027 0.7973 
   HI_SS0335  8 0.5829 0.4171 
   HI_SS0339  8 0.7363 0.2637 
   HI_SS0343  8 0.4273 0.5727 
   HI_SS0344  8 0.1255 0.8745 
   HI_SS0345  8 0.7229 0.2771 
   HI_SS0346  8 0.4900 0.5100 
   HI_SS0350  8 0.7868 0.2132 
   HI_SS0351  8 0.4235 0.5765 
   HI_SS0352  8 0.6626 0.3374 
   HI_SS0362  8 0.6988 0.3012 
   HI_SS0363  8 0.1891 0.8109 
   HI_SS0365  8 0.2417 0.7583 
   HI_SS0366  8 0.1823 0.8177 
   HI_SS0367  8 0.7255 0.2745 
   HI_SS0369  8 0.7721 0.2279 
   HI_SS0370  8 0.2051 0.7949 
   HI_SS0371  8 0.5128 0.4872 
   HI_SS0373  8 0.5719 0.4281 
   HI_SS0374  8 0.6455 0.3545 
   HI_SS0377  8 0.4449 0.5551 
   HI_SS0379  8 0.1315 0.8685 
   HI_SS0380  8 0.6458 0.3542 
   HI_SS0381  8 0.6800 0.3200 
   HI_SS0384  8 0.3635 0.6365 
   HI_SS0385  8 0.7521 0.2479 
