   NS_SS0963  1 0.4801 0.5199 
   NS_SS0983  1 0.8509 0.1491 
   NS_SS0719  1 0.5588 0.4412 
   NS_SS1001  1 0.2148 0.7852 
   NS_SS0936  1 0.5812 0.4188 
   NS_SS0955  1 0.7305 0.2695 
   NS_SS0944  1 0.4985 0.5015 
   NS_SS0945  1 0.4121 0.5879 
   NS_SS0922  1 0.2008 0.7992 
   NS_SS0929  1 0.7148 0.2852 
   NS_SS0956  1 0.1469 0.8531 
   NS_SS0906  1 0.5416 0.4584 
   NS_SS0721  1 0.3851 0.6149 
   NS_SS0982  1 0.4119 0.5881 
   NS_SS0923  1 0.3414 0.6586 
   NS_SS0905  1 0.5041 0.4959 
   NS_SS0925  1 0.4561 0.5439 
   NS_SS0947  1 0.3845 0.6155 
   NS_SS0926  1 0.6910 0.3090 
   NS_SS0918  1 0.2049 0.7951 
   NS_SS0966  1 0.4241 0.5759 
   NS_SS0938  1 0.3242 0.6758 
   NS_SS0917  1 0.8138 0.1862 
   NS_SS0957  1 0.2468 0.7532 
   NS_SS0987  1 0.1583 0.8417 
   NS_SS0717  1 0.1963 0.8037 
   NS_SS0986  1 0.2786 0.7214 
   NS_SS0953  1 0.3077 0.6923 
   NS_SS0907  1 0.6356 0.3644 
   NS_SS0974  1 0.6918 0.3082 
   NS_SS0989  1 0.8732 0.1268 
   NS_SS0991  1 0.4918 0.5082 
   NS_SS0994  1 0.8930 0.1070 
   NS_SS0931  1 0.4229 0.5771 
   NS_SS1000  1 0.2879 0.7121 
   NS_SS0919  1 0.7658 0.2342 
   NS_SS0949  1 0.8359 0.1641 
   NS_SS0960  1 0.6972 0.3028 
   NS_SS0716  1 0.0891 0.9109 
   NS_SS0924  1 0.6731 0.3269 
   NS_SS0935  1 0.7061 0.2939 
   NS_SS0952  1 0.7516 0.2484 
   NS_SS0962  1 0.2468 0.7532 
   NS_SS0973  1 0.7157 0.2843 
   NS_SS0722  1 0.2360 0.7640 
   NS_SS0979  1 0.2680 0.7320 
   NS_SS0993  1 0.2910 0.7090 
   NS_SS0958  1 0.6448 0.3552 
   NS_SS0988  1 0.4518 0.5482 
   NS_SS1003  1 0.1435 0.8565 
   NS_SS0976  1 0.6906 0.3094 
   NS_SS0964  1 0.1632 0.8368 
   NS_SS0939  1 0.1119 0.8881 
   NS_SS0990  1 0.2821 0.7179 
   NS_SS0984  1 0.1642 0.8358 
   NS_SS0980  1 0.7211 0.2789 
   NS_SS0978  1 0.5879 0.4121 
   NS_SS0951  1 0.3053 0.6947 
   NS_SS0913  1 0.2060 0.7940 
   NS_SS1002  1 0.3871 0.6129 
   NS_SS0948  1 0.3915 0.6085 
   NS_SS0916  1 0.7462 0.2538 
   NS_SS0995  1 0.5290 0.4710 
   NS_SS0927  1 0.8187 0.1813 
   NS_SS0992  1 0.7530 0.2470 
   NS_SS0912  1 0.2788 0.7212 
   NS_SS0981  1 0.2243 0.7757 
   NS_SS0729  2 0.9103 0.0897 
   NS_SS0967  2 0.5861 0.4139 
   NS_SS0941  2 0.4713 0.5287 
   NS_SS0768  2 0.3164 0.6836 
   NS_SS0726  2 0.8570 0.1430 
   NS_SS0763  2 0.7666 0.2334 
   NS_SS0730  2 0.2122 0.7878 
   NS_SS0774  2 0.3635 0.6365 
   NS_SS0723  2 0.3643 0.6357 
   NS_SS0940  2 0.5616 0.4384 
   NS_SS0762  2 0.1191 0.8809 
   NS_SS0766  2 0.4073 0.5927 
   NS_SS0724  2 0.2036 0.7964 
   NS_SS0769  2 0.4405 0.5595 
   NS_SS0777  2 0.3665 0.6335 
   NS_SS0734  2 0.4932 0.5068 
   NS_SS0737  2 0.2735 0.7265 
   NS_SS0732  2 0.2376 0.7624 
   NS_SS0728  2 0.4945 0.5055 
   NS_SS0735  2 0.4082 0.5918 
   NS_SS0725  2 0.2015 0.7985 
   NS_SS0788  2 0.6180 0.3820 
   NS_SS0778  2 0.5566 0.4434 
   NS_SS0792  2 0.5838 0.4162 
   NS_SS0943  2 0.6334 0.3666 
   NS_SS0791  2 0.5975 0.4025 
   NS_SS0790  2 0.0962 0.9038 
   NS_SS0731  2 0.1627 0.8373 
   NS_SS0727  2 0.7645 0.2355 
   NS_SS0779  2 0.3758 0.6242 
   NS_SS0776  2 0.3192 0.6808 
   NS_SS0775  2 0.2364 0.7636 
   NS_SS0965  3 0.2725 0.7275 
   NS_SS0754  3 0.6932 0.3068 
   NS_SS0838  3 0.5041 0.4959 
   NS_SS0839  3 0.2156 0.7844 
   NS_SS0832  3 0.1452 0.8548 
   NS_SS0820  3 0.2424 0.7576 
   NS_SS0886  3 0.5514 0.4486 
   NS_SS0748  3 0.5425 0.4575 
   NS_SS0884  3 0.6009 0.3991 
   NS_SS0752  3 0.6094 0.3906 
   NS_SS0862  3 0.2139 0.7861 
   NS_SS0787  3 0.8340 0.1660 
   NS_SS0843  3 0.5377 0.4623 
   NS_SS0856  3 0.4891 0.5109 
   NS_SS0846  3 0.8037 0.1963 
   NS_SS0825  3 0.4885 0.5115 
   NS_SS0757  3 0.6090 0.3910 
   NS_SS0876  3 0.4136 0.5864 
   NS_SS0903  3 0.6540 0.3460 
   NS_SS0875  3 0.2263 0.7737 
   NS_SS0740  3 0.5280 0.4720 
   NS_SS0811  3 0.1144 0.8856 
   NS_SS0751  3 0.4158 0.5842 
   NS_SS0891  3 0.3359 0.6641 
   NS_SS0867  3 0.6595 0.3405 
   NS_SS0890  3 0.5622 0.4378 
   NS_SS0866  3 0.8204 0.1796 
   NS_SS0755  3 0.3629 0.6371 
   NS_SS0758  3 0.5714 0.4286 
   NS_SS0840  3 0.1824 0.8176 
   NS_SS0889  3 0.5485 0.4515 
   NS_SS1010  3 0.4643 0.5357 
   NS_SS0888  3 0.8550 0.1450 
   NS_SS0837  3 0.1855 0.8145 
   NS_SS0794  3 0.7554 0.2446 
   NS_SS0823  3 0.3626 0.6374 
   NS_SS0829  3 0.6918 0.3082 
   NS_SS0844  3 0.4548 0.5452 
   NS_SS1008  3 0.5755 0.4245 
   NS_SS0881  3 0.4722 0.5278 
   NS_SS0834  3 0.2915 0.7085 
   NS_SS0744  3 0.6836 0.3164 
   NS_SS0899  3 0.1002 0.8998 
   NS_SS0804  3 0.1808 0.8192 
   NS_SS0781  3 0.1970 0.8030 
   NS_SS0822  3 0.5719 0.4281 
   NS_SS1004  3 0.4754 0.5246 
   NS_SS0746  3 0.5457 0.4543 
   NS_SS0880  3 0.3827 0.6173 
   NS_SS0879  3 0.2679 0.7321 
   NS_SS0753  3 0.6409 0.3591 
   NS_SS1007  3 0.6986 0.3014 
   NS_SS0872  3 0.3518 0.6482 
   NS_SS1005  3 0.4255 0.5745 
   NS_SS0892  3 0.4378 0.5622 
   NS_SS0898  3 0.4624 0.5376 
   NS_SS0801  3 0.3295 0.6705 
   NS_SS0827  3 0.3806 0.6194 
   NS_SS0853  3 0.2754 0.7246 
   NS_SS0780  3 0.2624 0.7376 
   NS_SS0826  3 0.3634 0.6366 
   NS_SS0818  3 0.1717 0.8283 
   NS_SS0745  3 0.0732 0.9268 
   NS_SS0849  3 0.1886 0.8114 
   NS_SS0739  3 0.3941 0.6059 
   NS_SS0799  3 0.8132 0.1868 
   NS_SS0756  3 0.1586 0.8414 
   NS_SS0802  3 0.7720 0.2280 
   NS_SS0747  3 0.6871 0.3129 
   NS_SS0835  3 0.8952 0.1048 
   NS_SS0742  3 0.5349 0.4651 
   NS_SS0760  3 0.7691 0.2309 
   NS_SS0803  3 0.4722 0.5278 
   NS_SS0828  3 0.4036 0.5964 
   NS_SS0865  3 0.4933 0.5067 
   NS_SS0759  3 0.1848 0.8152 
   NS_SS0851  3 0.0927 0.9073 
   NS_SS0874  3 0.4265 0.5735 
   NS_SS0761  3 0.7305 0.2695 
   NS_SS0842  3 0.5908 0.4092 
   NS_SS0785  3 0.6435 0.3565 
   NS_SS0860  3 0.8928 0.1072 
   NS_SS0897  3 0.7940 0.2060 
   NS_SS0841  3 0.1556 0.8444 
   NS_SS0797  3 0.4061 0.5939 
   NS_SS0830  3 0.3817 0.6183 
   NS_SS1011  3 0.3003 0.6997 
   NS_SS0883  3 0.6278 0.3722 
   NS_SS0782  3 0.5355 0.4645 
   NS_SS0831  3 0.5750 0.4250 
   NS_SS0749  3 0.5668 0.4332 
   NS_SS0854  3 0.7604 0.2396 
   HI_SS0193  4 0.4904 0.5096 
   HI_SS0194  4 0.2719 0.7281 
   HI_SS0195  4 0.1275 0.8725 
   HI_SS0196  4 0.5979 0.4021 
   HI_SS0197  4 0.6254 0.3746 
   HI_SS0198  4 0.5238 0.4762 
   HI_SS0199  4 0.8200 0.1800 
   HI_SS0201  4 0.8098 0.1902 
   HI_SS0215  4 0.8214 0.1786 
   HI_SS0218  4 0.8074 0.1926 
   HI_SS0222  4 0.3551 0.6449 
   HI_SS0230  4 0.2796 0.7204 
   HI_SS0234  4 0.7846 0.2154 
   HI_SS0240  4 0.5790 0.4210 
   HI_SS0241  4 0.7859 0.2141 
   HI_SS0242  4 0.4622 0.5378 
   HI_SS0247  4 0.2844 0.7156 
   HI_SS0248  4 0.8043 0.1957 
   HI_SS0252  4 0.3374 0.6626 
   HI_SS0254  4 0.7441 0.2559 
   HI_SS0256  4 0.1408 0.8592 
   HI_SS0257  4 0.8694 0.1306 
   HI_SS0258  4 0.6311 0.3689 
   HI_SS0259  4 0.4262 0.5738 
   HI_SS0260  4 0.7845 0.2155 
   HI_SS0261  4 0.6168 0.3832 
   HI_SS0262  4 0.3405 0.6595 
   HI_SS0264  4 0.1802 0.8198 
   HI_SS0265  4 0.4012 0.5988 
   HI_SS0268  4 0.4788 0.5212 
   HI_SS0269  4 0.9266 0.0734 
   HI_SS0273  4 0.6802 0.3198 
   HI_SS0277  4 0.4864 0.5136 
   HI_SS0280  4 0.2988 0.7012 
   HI_SS0282  4 0.6585 0.3415 
   HI_SS0286  4 0.6038 0.3962 
   NS_SS1252  5 0.8778 0.1222 
   NS_SS1261  5 0.6280 0.3720 
   NS_SS1225  5 0.7603 0.2397 
   NS_SS1266  5 0.2250 0.7750 
   NS_SS1228  5 0.2170 0.7830 
   NS_SS1255  5 0.4320 0.5680 
   NS_SS1267  5 0.8833 0.1167 
   NS_SS1238  5 0.3068 0.6932 
   NS_SS1233  5 0.1367 0.8633 
   NS_SS1277  5 0.6552 0.3448 
   NS_SS1245  5 0.5549 0.4451 
   NS_SS1240  5 0.8900 0.1100 
   NS_SS1275  5 0.1689 0.8311 
   NS_SS1235  5 0.6903 0.3097 
   NS_SS1263  5 0.2364 0.7636 
   NS_SS1251  5 0.3202 0.6798 
   NS_SS1248  5 0.1219 0.8781 
   NS_SS1244  5 0.6167 0.3833 
   NS_SS1257  5 0.7162 0.2838 
   NS_SS1242  5 0.1865 0.8135 
   NS_SS1271  5 0.8674 0.1326 
   NS_SS1265  5 0.6679 0.3321 
   NS_SS1243  5 0.1976 0.8024 
   NS_SS1273  5 0.1432 0.8568 
   NS_SS1254  5 0.3102 0.6898 
   NS_SS1224  5 0.1584 0.8416 
   NS_SS1227  5 0.8624 0.1376 
   NS_SS1274  5 0.7154 0.2846 
   NS_SS1241  5 0.6979 0.3021 
   NS_SS1256  5 0.5544 0.4456 
   NS_SS1260  5 0.8602 0.1398 
   NS_SS1262  5 0.6390 0.3610 
   NS_SS1230  5 0.5340 0.4660 
   NS_SS1270  5 0.2121 0.7879 
   NS_SS1229  5 0.7951 0.2049 
   NS_SS1246  5 0.8413 0.1587 
   NS_SS1269  5 0.4360 0.5640 
   NS_SS1239  5 0.3677 0.6323 
   NS_SS1272  5 0.5053 0.4947 
   NS_SS1268  5 0.1247 0.8753 
   NS_SS1249  5 0.8685 0.1315 
   HI_SS0559  6 0.4756 0.5244 
   HI_SS0563  6 0.5035 0.4965 
   HI_SS0564  6 0.3989 0.6011 
   HI_SS0565  6 0.7003 0.2997 
   HI_SS0569  6 0.7392 0.2608 
   HI_SS0570  6 0.7742 0.2258 
   HI_SS0572  6 0.4742 0.5258 
   HI_SS0576  6 0.2188 0.7812 
   HI_SS0579  6 0.7198 0.2802 
   HI_SS0580  6 0.6106 0.3894 
   HI_SS0581  6 0.2047 0.7953 
   HI_SS0583  6 0.7711 0.2289 
   HI_SS0586  6 0.6788 0.3212 
   HI_SS0588  6 0.6940 0.3060 
   HI_SS0595  6 0.7926 0.2074 
   HI_SS0596  6 0.2693 0.7307 
   HI_SS0597  6 0.4175 0.5825 
   HI_SS0600  6 0.7115 0.2885 
   HI_SS0601  6 0.7111 0.2889 
   HI_SS0602  6 0.4925 0.5075 
   HI_SS0604  6 0.4055 0.5945 
   HI_SS0605  6 0.5238 0.4762 
   HI_SS0608  6 0.3056 0.6944 
   HI_SS0609  6 0.3118 0.6882 
   HI_SS0611  6 0.7242 0.2758 
   HI_SS0612  6 0.7342 0.2658 
   HI_SS0613  6 0.2799 0.7201 
   HI_SS0615  6 0.2467 0.7533 
   HI_SS0001  6 0.6455 0.3545 
   HI_SS0002  6 0.3377 0.6623 
   HI_SS0004  6 0.5999 0.4001 
   HI_SS0005  6 0.2024 0.7976 
   HI_SS0006  6 0.7195 0.2805 
   HI_SS0007  6 0.3360 0.6640 
   HI_SS0008  6 0.3806 0.6194 
   HI_SS0009  6 0.1878 0.8122 
   HI_SS0010  6 0.4161 0.5839 
   HI_SS0011  6 0.1988 0.8012 
   HI_SS0012  6 0.5722 0.4278 
   HI_SS0017  6 0.2295 0.7705 
   HI_SS0021  6 0.5136 0.4864 
   HI_SS0024  6 0.2470 0.7530 
   HI_SS0025  6 0.1856 0.8144 
   HI_SS0027  6 0.6142 0.3858 
   HI_SS0028  6 0.1215 0.8785 
   HI_SS0029  6 0.4289 0.5711 
   HI_SS0030  6 0.6755 0.3245 
   HI_SS0031  6 0.7350 0.2650 
   HI_SS0034  6 0.8418 0.1582 
   HI_SS0036  6 0.6708 0.3292 
   HI_SS0037  6 0.6864 0.3136 
   HI_SS0039  6 0.4186 0.5814 
   HI_SS0041  6 0.1807 0.8193 
   HI_SS0042  6 0.2383 0.7617 
   HI_SS0043  6 0.8556 0.1444 
   HI_SS0044  6 0.6395 0.3605 
   HI_SS0047  6 0.3389 0.6611 
   HI_SS0049  6 0.2726 0.7274 
   HI_SS0051  6 0.3946 0.6054 
   HI_SS0053  6 0.8510 0.1490 
   HI_SS0054  6 0.6537 0.3463 
   HI_SS0057  6 0.1978 0.8022 
   HI_SS0058  6 0.6152 0.3848 
   HI_SS0060  6 0.3125 0.6875 
   HI_SS0087  6 0.6313 0.3687 
   HI_SS0091  6 0.8991 0.1009 
   HI_SS0095  6 0.6736 0.3264 
   HI_SS0097  6 0.6811 0.3189 
   HI_SS0099  6 0.2371 0.7629 
   HI_SS0103  6 0.6116 0.3884 
   HI_SS0105  6 0.5669 0.4331 
   HI_SS0107  6 0.3120 0.6880 
   HI_SS0108  6 0.8881 0.1119 
   HI_SS0110  6 0.7815 0.2185 
   HI_SS0111  6 0.4691 0.5309 
   HI_SS0112  6 0.8497 0.1503 
   HI_SS0113  6 0.1988 0.8012 
   HI_SS0114  6 0.6256 0.3744 
   HI_SS0115  6 0.5610 0.4390 
   HI_SS0116  6 0.8024 0.1976 
   HI_SS0117  6 0.7046 0.2954 
   HI_SS0118  6 0.7552 0.2448 
   HI_SS0119  6 0.8068 0.1932 
   HI_SS0120  6 0.2727 0.7273 
   HI_SS0121  6 0.1603 0.8397 
   HI_SS0122  6 0.5061 0.4939 
   HI_SS0123  6 0.5892 0.4108 
   HI_SS0124  6 0.1733 0.8267 
   HI_SS0125  6 0.1671 0.8329 
   HI_SS0126  6 0.7585 0.2415 
   HI_SS0127  6 0.2436 0.7564 
   HI_SS0128  6 0.5091 0.4909 
   HI_SS0129  6 0.6446 0.3554 
   HI_SS0131  6 0.5234 0.4766 
   HI_SS0132  6 0.3590 0.6410 
   HI_SS0133  6 0.8283 0.1717 
   HI_SS0134  6 0.6306 0.3694 
   HI_SS0142  6 0.5553 0.4447 
   HI_SS0145  6 0.6860 0.3140 
   HI_SS0146  6 0.6420 0.3580 
   HI_SS0147  6 0.1588 0.8412 
   HI_SS0149  6 0.5165 0.4835 
   HI_SS0150  6 0.1642 0.8358 
   HI_SS0151  6 0.6802 0.3198 
   NS_SS1451  6 0.1634 0.8366 
   NS_SS1404  6 0.1964 0.8036 
   NS_SS1432  6 0.2957 0.7043 
   NS_SS1405  6 0.3216 0.6784 
   NS_SS1431  6 0.2220 0.7780 
   NS_SS1402  6 0.7520 0.2480 
   NS_SS1450  6 0.5804 0.4196 
   NS_SS1396  6 0.4349 0.5651 
   NS_SS1393  6 0.7563 0.2437 
   NS_SS1392  6 0.2586 0.7414 
   NS_SS1445  6 0.7090 0.2910 
   NS_SS1423  6 0.7686 0.2314 
   NS_SS1421  6 0.6312 0.3688 
   NS_SS1411  6 0.4395 0.5605 
   NS_SS1453  6 0.7219 0.2781 
   NS_SS1442  6 0.4329 0.5671 
   NS_SS1422  6 0.6732 0.3268 
   NS_SS1419  6 0.2157 0.7843 
   NS_SS1427  6 0.8566 0.1434 
   NS_SS1444  6 0.1953 0.8047 
   NS_SS1455  6 0.2569 0.7431 
   NS_SS1425  6 0.8735 0.1265 
   NS_SS1400  6 0.5193 0.4807 
   NS_SS1406  6 0.3125 0.6875 
   NS_SS1417  6 0.4312 0.5688 
   NS_SS1454  6 0.4215 0.5785 
   NS_SS1412  6 0.5271 0.4729 
   NS_SS1438  6 0.7792 0.2208 
   NS_SS1416  6 0.4313 0.5687 
   NS_SS1401  6 0.7638 0.2362 
   NS_SS1424  6 0.6821 0.3179 
   NS_SS1435  6 0.3211 0.6789 
   NS_SS1447  6 0.2272 0.7728 
   NS_SS1414  6 0.1249 0.8751 
   NS_SS1449  6 0.6362 0.3638 
   NS_SS1443  6 0.8844 0.1156 
   NS_SS1434  6 0.7052 0.2948 
   NS_SS1398  6 0.3074 0.6926 
   NS_SS1426  6 0.8371 0.1629 
   NS_SS1413  6 0.7243 0.2757 
   NS_SS1395  6 0.8492 0.1508 
   NS_SS1448  6 0.2482 0.7518 
   NS_SS1446  6 0.8076 0.1924 
   NS_SS1403  6 0.6273 0.3727 
   NS_SS1415  6 0.7034 0.2966 
   NS_SS1437  6 0.2739 0.7261 
   NS_SS1439  6 0.7013 0.2987 
   NS_SS1441  6 0.8162 0.1838 
   NS_SS1420  6 0.1241 0.8759 
   NS_SS1394  6 0.1581 0.8419 
   NS_SS1391  6 0.7976 0.2024 
   NS_SS1410  6 0.7190 0.2810 
   NS_SS1408  6 0.4087 0.5913 
   NS_SS1409  6 0.7824 0.2176 
   HI_SS0617  7 0.7090 0.2910 
   HI_SS0618  7 0.2800 0.7200 
   HI_SS0619  7 0.4402 0.5598 
   HI_SS0620  7 0.7545 0.2455 
   HI_SS0621  7 0.3588 0.6412 
   HI_SS0622  7 0.3150 0.6850 
   HI_SS0626  7 0.2301 0.7699 
   HI_SS0627  7 0.4167 0.5833 
   HI_SS0628  7 0.4664 0.5336 
   HI_SS0629  7 0.5369 0.4631 
   HI_SS0630  7 0.6586 0.3414 
   HI_SS0631  7 0.5382 0.4618 
   HI_SS0632  7 0.2244 0.7756 
   HI_SS0633  7 0.4476 0.5524 
   HI_SS0634  7 0.3796 0.6204 
   HI_SS0635  7 0.1843 0.8157 
   HI_SS0637  7 0.4824 0.5176 
   HI_SS0638  7 0.3538 0.6462 
   HI_SS0639  7 0.2174 0.7826 
   HI_SS0640  7 0.4163 0.5837 
   HI_SS0641  7 0.5913 0.4087 
   HI_SS0642  7 0.3800 0.6200 
   HI_SS0645  7 0.0944 0.9056 
   HI_SS0646  7 0.7223 0.2777 
   HI_SS0647  7 0.3210 0.6790 
   HI_SS0648  7 0.3611 0.6389 
   HI_SS0649  7 0.6566 0.3434 
   HI_SS0650  7 0.4500 0.5500 
   HI_SS0651  7 0.5307 0.4693 
   HI_SS0652  7 0.1624 0.8376 
   NS_SS1371  7 0.8651 0.1349 
   NS_SS1374  7 0.5660 0.4340 
   NS_SS1337  7 0.1458 0.8542 
   NS_SS1385  7 0.6909 0.3091 
   NS_SS1388  7 0.3045 0.6955 
   NS_SS1370  7 0.1373 0.8627 
   NS_SS1389  7 0.1509 0.8491 
   NS_SS1360  7 0.5878 0.4122 
   NS_SS1330  7 0.2522 0.7478 
   NS_SS1328  7 0.7485 0.2515 
   NS_SS1384  7 0.6474 0.3526 
   NS_SS1381  7 0.3320 0.6680 
   NS_SS1375  7 0.2244 0.7756 
   NS_SS1319  7 0.5250 0.4750 
   NS_SS1326  7 0.7350 0.2650 
   NS_SS1341  7 0.7853 0.2147 
   NS_SS1383  7 0.4774 0.5226 
   NS_SS1318  7 0.3219 0.6781 
   NS_SS1348  7 0.8628 0.1372 
   NS_SS1363  7 0.3434 0.6566 
   NS_SS1335  7 0.6928 0.3072 
   NS_SS1358  7 0.7239 0.2761 
   NS_SS1342  7 0.8321 0.1679 
   NS_SS1320  7 0.1897 0.8103 
   NS_SS1355  7 0.3077 0.6923 
   NS_SS1345  7 0.2568 0.7432 
   NS_SS1324  7 0.6586 0.3414 
   NS_SS1347  7 0.7509 0.2491 
   NS_SS1321  7 0.7559 0.2441 
   NS_SS1333  7 0.7133 0.2867 
   NS_SS1364  7 0.5733 0.4267 
   NS_SS1379  7 0.4237 0.5763 
   NS_SS1332  7 0.7330 0.2670 
   NS_SS1338  7 0.5695 0.4305 
   NS_SS1368  7 0.7004 0.2996 
   NS_SS1354  7 0.5300 0.4700 
   NS_SS1365  7 0.2070 0.7930 
   NS_SS1380  7 0.2022 0.7978 
   NS_SS1329  7 0.8008 0.1992 
   NS_SS1362  7 0.6226 0.3774 
   NS_SS1327  7 0.9041 0.0959 
   NS_SS1350  7 0.8487 0.1513 
   NS_SS1387  7 0.2333 0.7667 
   NS_SS1369  7 0.5772 0.4228 
   NS_SS1331  7 0.2817 0.7183 
   NS_SS1357  7 0.7700 0.2300 
   NS_SS1386  7 0.8834 0.1166 
   NS_SS1353  7 0.4781 0.5219 
   NS_SS1323  7 0.2606 0.7394 
   HI_SS0296  8 0.6188 0.3812 
   HI_SS0297  8 0.4632 0.5368 
   HI_SS0299  8 0.5088 0.4912 
   HI_SS0300  8 0.3853 0.6147 
   HI_SS0301  8 0.1729 0.8271 
   HI_SS0302  8 0.3960 0.6040 
   HI_SS0303  8 0.7040 0.2960 
   HI_SS0304  8 0.1892 0.8108 
   HI_SS0306  8 0.5260 0.4740 
   HI_SS0307  8 0.2823 0.7177 
   HI_SS0308  8 0.4622 0.5378 
   HI_SS0309  8 0.5001 0.4999 
   HI_SS0310  8 0.2501 0.7499 
   HI_SS0311  8 0.2744 0.7256 
   HI_SS0314  8 0.4009 0.5991 
   HI_SS0316  8 0.6599 0.3401 
   HI_SS0317  8 0.4604 0.5396 
   HI_SS0318  8 0.8085 0.1915 
   HI_SS0319  8 0.8953 0.1047 
   HI_SS0320  8 0.2045 0.7955 
   HI_SS0321  8 0.8531 0.1469 
   HI_SS0323  8 0.5865 0.4135 
   HI_SS0325  8 0.3964 0.6036 
   HI_SS0327  8 0.9180 0.0820 
   HI_SS0329  8 0.1583 0.8417 
   HI_SS0333  8 0.6127 0.3873 
   HI_SS0334  8 0.8291 0.1709 
   HI_SS0335  8 0.3826 0.6174 
   HI_SS0339  8 0.2047 0.7953 
   HI_SS0343  8 0.5148 0.4852 
   HI_SS0344  8 0.9067 0.0933 
   HI_SS0345  8 0.2305 0.7695 
   HI_SS0346  8 0.4601 0.5399 
   HI_SS0350  8 0.2123 0.7877 
   HI_SS0351  8 0.5349 0.4651 
   HI_SS0352  8 0.2978 0.7022 
   HI_SS0362  8 0.2905 0.7095 
   HI_SS0363  8 0.8553 0.1447 
   HI_SS0365  8 0.8067 0.1933 
   HI_SS0366  8 0.8653 0.1347 
   HI_SS0367  8 0.2469 0.7531 
   HI_SS0369  8 0.1797 0.8203 
   HI_SS0370  8 0.8101 0.1899 
   HI_SS0371  8 0.4717 0.5283 
   HI_SS0373  8 0.4513 0.5487 
   HI_SS0374  8 0.3388 0.6612 
   HI_SS0377  8 0.5849 0.4151 
   HI_SS0379  8 0.8952 0.1048 
   HI_SS0380  8 0.3096 0.6904 
   HI_SS0381  8 0.2852 0.7148 
   HI_SS0384  8 0.6085 0.3915 
   HI_SS0385  8 0.1957 0.8043 
