   NS_SS0963  1 0.5073 0.4927 
   NS_SS0983  1 0.1641 0.8359 
   NS_SS0719  1 0.4368 0.5632 
   NS_SS1001  1 0.7743 0.2257 
   NS_SS0936  1 0.4300 0.5700 
   NS_SS0955  1 0.2909 0.7091 
   NS_SS0944  1 0.5090 0.4910 
   NS_SS0945  1 0.5820 0.4180 
   NS_SS0922  1 0.7668 0.2332 
   NS_SS0929  1 0.3178 0.6822 
   NS_SS0956  1 0.8373 0.1627 
   NS_SS0906  1 0.4447 0.5553 
   NS_SS0721  1 0.6104 0.3896 
   NS_SS0982  1 0.5944 0.4056 
   NS_SS0923  1 0.6380 0.3620 
   NS_SS0905  1 0.4948 0.5052 
   NS_SS0925  1 0.5539 0.4461 
   NS_SS0947  1 0.6038 0.3962 
   NS_SS0926  1 0.3123 0.6877 
   NS_SS0918  1 0.7871 0.2129 
   NS_SS0966  1 0.5582 0.4418 
   NS_SS0938  1 0.6165 0.3835 
   NS_SS0917  1 0.2178 0.7822 
   NS_SS0957  1 0.7367 0.2633 
   NS_SS0987  1 0.8185 0.1815 
   NS_SS0717  1 0.7780 0.2220 
   NS_SS0986  1 0.6883 0.3117 
   NS_SS0953  1 0.7036 0.2964 
   NS_SS0907  1 0.3899 0.6101 
   NS_SS0974  1 0.3393 0.6607 
   NS_SS0989  1 0.1475 0.8525 
   NS_SS0991  1 0.5079 0.4921 
   NS_SS0994  1 0.1226 0.8774 
   NS_SS0931  1 0.5411 0.4589 
   NS_SS1000  1 0.6965 0.3035 
   NS_SS0919  1 0.2457 0.7543 
   NS_SS0949  1 0.1742 0.8258 
   NS_SS0960  1 0.3398 0.6602 
   NS_SS0716  1 0.8943 0.1057 
   NS_SS0924  1 0.3539 0.6461 
   NS_SS0935  1 0.3254 0.6746 
   NS_SS0952  1 0.2662 0.7338 
   NS_SS0962  1 0.7127 0.2873 
   NS_SS0973  1 0.3018 0.6982 
   NS_SS0722  1 0.7460 0.2540 
   NS_SS0979  1 0.7198 0.2802 
   NS_SS0993  1 0.6644 0.3356 
   NS_SS0958  1 0.3868 0.6132 
   NS_SS0988  1 0.5098 0.4902 
   NS_SS1003  1 0.8182 0.1818 
   NS_SS0976  1 0.3275 0.6725 
   NS_SS0964  1 0.8127 0.1873 
   NS_SS0939  1 0.8715 0.1285 
   NS_SS0990  1 0.6807 0.3193 
   NS_SS0984  1 0.8016 0.1984 
   NS_SS0980  1 0.3323 0.6677 
   NS_SS0978  1 0.4397 0.5603 
   NS_SS0951  1 0.6720 0.3280 
   NS_SS0913  1 0.7768 0.2232 
   NS_SS1002  1 0.5974 0.4026 
   NS_SS0948  1 0.5691 0.4309 
   NS_SS0916  1 0.2709 0.7291 
   NS_SS0995  1 0.4597 0.5403 
   NS_SS0927  1 0.2061 0.7939 
   NS_SS0992  1 0.2768 0.7232 
   NS_SS0912  1 0.6936 0.3064 
   NS_SS0981  1 0.7411 0.2589 
   NS_SS0729  2 0.1014 0.8986 
   NS_SS0967  2 0.4410 0.5590 
   NS_SS0941  2 0.5298 0.4702 
   NS_SS0768  2 0.6852 0.3148 
   NS_SS0726  2 0.1613 0.8387 
   NS_SS0763  2 0.2543 0.7457 
   NS_SS0730  2 0.7533 0.2467 
   NS_SS0774  2 0.6310 0.3690 
   NS_SS0723  2 0.6189 0.3811 
   NS_SS0940  2 0.4325 0.5675 
   NS_SS0762  2 0.8554 0.1446 
   NS_SS0766  2 0.5755 0.4245 
   NS_SS0724  2 0.7688 0.2312 
   NS_SS0769  2 0.5387 0.4613 
   NS_SS0777  2 0.5967 0.4033 
   NS_SS0734  2 0.5116 0.4884 
   NS_SS0737  2 0.7009 0.2991 
   NS_SS0732  2 0.7418 0.2582 
   NS_SS0728  2 0.5109 0.4891 
   NS_SS0735  2 0.5957 0.4043 
   NS_SS0725  2 0.7593 0.2407 
   NS_SS0788  2 0.3828 0.6172 
   NS_SS0778  2 0.4270 0.5730 
   NS_SS0792  2 0.4345 0.5655 
   NS_SS0943  2 0.3818 0.6182 
   NS_SS0791  2 0.4258 0.5742 
   NS_SS0790  2 0.8878 0.1122 
   NS_SS0731  2 0.8046 0.1954 
   NS_SS0727  2 0.2660 0.7340 
   NS_SS0779  2 0.5702 0.4298 
   NS_SS0776  2 0.6435 0.3565 
   NS_SS0775  2 0.7644 0.2356 
   NS_SS0965  3 0.7035 0.2965 
   NS_SS0754  3 0.3609 0.6391 
   NS_SS0838  3 0.4861 0.5139 
   NS_SS0839  3 0.7651 0.2349 
   NS_SS0832  3 0.8448 0.1552 
   NS_SS0820  3 0.7379 0.2621 
   NS_SS0886  3 0.4500 0.5500 
   NS_SS0748  3 0.4545 0.5455 
   NS_SS0884  3 0.4264 0.5736 
   NS_SS0752  3 0.4176 0.5824 
   NS_SS0862  3 0.7766 0.2234 
   NS_SS0787  3 0.1979 0.8021 
   NS_SS0843  3 0.4536 0.5464 
   NS_SS0856  3 0.4900 0.5100 
   NS_SS0846  3 0.2161 0.7839 
   NS_SS0825  3 0.5025 0.4975 
   NS_SS0757  3 0.4240 0.5760 
   NS_SS0876  3 0.5757 0.4243 
   NS_SS0903  3 0.3761 0.6239 
   NS_SS0875  3 0.7358 0.2642 
   NS_SS0740  3 0.4671 0.5329 
   NS_SS0811  3 0.8770 0.1230 
   NS_SS0751  3 0.5544 0.4456 
   NS_SS0891  3 0.6187 0.3813 
   NS_SS0867  3 0.3565 0.6435 
   NS_SS0890  3 0.4537 0.5463 
   NS_SS0866  3 0.2162 0.7838 
   NS_SS0755  3 0.6280 0.3720 
   NS_SS0758  3 0.4379 0.5621 
   NS_SS0840  3 0.7902 0.2098 
   NS_SS0889  3 0.4586 0.5414 
   NS_SS1010  3 0.5425 0.4575 
   NS_SS0888  3 0.1847 0.8153 
   NS_SS0837  3 0.7860 0.2140 
   NS_SS0794  3 0.2977 0.7023 
   NS_SS0823  3 0.6460 0.3540 
   NS_SS0829  3 0.3536 0.6464 
   NS_SS0844  3 0.5597 0.4403 
   NS_SS1008  3 0.4419 0.5581 
   NS_SS0881  3 0.4978 0.5022 
   NS_SS0834  3 0.6697 0.3303 
   NS_SS0744  3 0.3523 0.6477 
   NS_SS0899  3 0.8800 0.1200 
   NS_SS0804  3 0.7998 0.2002 
   NS_SS0781  3 0.7615 0.2385 
   NS_SS0822  3 0.4348 0.5652 
   NS_SS1004  3 0.5167 0.4833 
   NS_SS0746  3 0.4573 0.5427 
   NS_SS0880  3 0.5913 0.4087 
   NS_SS0879  3 0.7053 0.2947 
   NS_SS0753  3 0.4018 0.5982 
   NS_SS1007  3 0.3192 0.6808 
   NS_SS0872  3 0.6218 0.3782 
   NS_SS1005  3 0.5505 0.4495 
   NS_SS0892  3 0.5513 0.4487 
   NS_SS0898  3 0.5237 0.4763 
   NS_SS0801  3 0.6707 0.3293 
   NS_SS0827  3 0.6104 0.3896 
   NS_SS0853  3 0.7165 0.2835 
   NS_SS0780  3 0.7121 0.2879 
   NS_SS0826  3 0.5930 0.4070 
   NS_SS0818  3 0.8064 0.1936 
   NS_SS0745  3 0.9188 0.0812 
   NS_SS0849  3 0.7837 0.2163 
   NS_SS0739  3 0.5817 0.4183 
   NS_SS0799  3 0.2392 0.7608 
   NS_SS0756  3 0.8176 0.1824 
   NS_SS0802  3 0.2292 0.7708 
   NS_SS0747  3 0.3368 0.6632 
   NS_SS0835  3 0.1215 0.8785 
   NS_SS0742  3 0.4667 0.5333 
   NS_SS0760  3 0.2591 0.7409 
   NS_SS0803  3 0.5539 0.4461 
   NS_SS0828  3 0.5926 0.4074 
   NS_SS0865  3 0.5071 0.4929 
   NS_SS0759  3 0.7941 0.2059 
   NS_SS0851  3 0.8890 0.1110 
   NS_SS0874  3 0.5777 0.4223 
   NS_SS0761  3 0.3121 0.6879 
   NS_SS0842  3 0.4385 0.5615 
   NS_SS0785  3 0.3813 0.6187 
   NS_SS0860  3 0.1361 0.8639 
   NS_SS0897  3 0.2363 0.7637 
   NS_SS0841  3 0.8386 0.1614 
   NS_SS0797  3 0.5695 0.4305 
   NS_SS0830  3 0.6114 0.3886 
   NS_SS1011  3 0.6827 0.3173 
   NS_SS0883  3 0.4132 0.5868 
   NS_SS0782  3 0.4826 0.5174 
   NS_SS0831  3 0.4420 0.5580 
   NS_SS0749  3 0.4540 0.5460 
   NS_SS0854  3 0.2768 0.7232 
   HI_SS0193  4 0.5030 0.4970 
   HI_SS0194  4 0.6736 0.3264 
   HI_SS0195  4 0.8450 0.1550 
   HI_SS0196  4 0.4299 0.5701 
   HI_SS0197  4 0.3813 0.6187 
   HI_SS0198  4 0.4752 0.5248 
   HI_SS0199  4 0.2230 0.7770 
   HI_SS0201  4 0.2144 0.7856 
   HI_SS0215  4 0.1994 0.8006 
   HI_SS0218  4 0.2281 0.7719 
   HI_SS0222  4 0.6158 0.3842 
   HI_SS0230  4 0.6663 0.3337 
   HI_SS0234  4 0.2415 0.7585 
   HI_SS0240  4 0.4396 0.5604 
   HI_SS0241  4 0.2421 0.7579 
   HI_SS0242  4 0.5332 0.4668 
   HI_SS0247  4 0.6713 0.3287 
   HI_SS0248  4 0.2211 0.7789 
   HI_SS0252  4 0.6477 0.3523 
   HI_SS0254  4 0.2583 0.7417 
   HI_SS0256  4 0.8339 0.1661 
   HI_SS0257  4 0.1472 0.8528 
   HI_SS0258  4 0.3804 0.6196 
   HI_SS0259  4 0.5489 0.4511 
   HI_SS0260  4 0.2422 0.7578 
   HI_SS0261  4 0.3678 0.6322 
   HI_SS0262  4 0.6427 0.3573 
   HI_SS0264  4 0.7823 0.2177 
   HI_SS0265  4 0.5834 0.4166 
   HI_SS0268  4 0.5126 0.4874 
   HI_SS0269  4 0.0804 0.9196 
   HI_SS0273  4 0.3414 0.6586 
   HI_SS0277  4 0.4668 0.5332 
   HI_SS0280  4 0.6788 0.3212 
   HI_SS0282  4 0.3592 0.6408 
   HI_SS0286  4 0.3967 0.6033 
   NS_SS1252  5 0.1574 0.8426 
   NS_SS1261  5 0.3931 0.6069 
   NS_SS1225  5 0.2750 0.7250 
   NS_SS1266  5 0.7427 0.2573 
   NS_SS1228  5 0.7633 0.2367 
   NS_SS1255  5 0.5697 0.4303 
   NS_SS1267  5 0.1379 0.8621 
   NS_SS1238  5 0.6580 0.3420 
   NS_SS1233  5 0.8392 0.1608 
   NS_SS1277  5 0.3616 0.6384 
   NS_SS1245  5 0.4230 0.5770 
   NS_SS1240  5 0.1297 0.8703 
   NS_SS1275  5 0.7886 0.2114 
   NS_SS1235  5 0.3252 0.6748 
   NS_SS1263  5 0.7379 0.2621 
   NS_SS1251  5 0.6387 0.3613 
   NS_SS1248  5 0.8576 0.1424 
   NS_SS1244  5 0.3943 0.6057 
   NS_SS1257  5 0.3069 0.6931 
   NS_SS1242  5 0.7844 0.2156 
   NS_SS1271  5 0.1555 0.8445 
   NS_SS1265  5 0.3594 0.6406 
   NS_SS1243  5 0.7902 0.2098 
   NS_SS1273  5 0.8345 0.1655 
   NS_SS1254  5 0.6972 0.3028 
   NS_SS1224  5 0.8190 0.1810 
   NS_SS1227  5 0.1498 0.8502 
   NS_SS1274  5 0.3244 0.6756 
   NS_SS1241  5 0.3127 0.6873 
   NS_SS1256  5 0.4478 0.5522 
   NS_SS1260  5 0.1763 0.8237 
   NS_SS1262  5 0.3922 0.6078 
   NS_SS1230  5 0.4854 0.5146 
   NS_SS1270  5 0.7495 0.2505 
   NS_SS1229  5 0.2397 0.7603 
   NS_SS1246  5 0.1662 0.8338 
   NS_SS1269  5 0.5735 0.4265 
   NS_SS1239  5 0.6139 0.3861 
   NS_SS1272  5 0.4592 0.5408 
   NS_SS1268  5 0.8495 0.1505 
   NS_SS1249  5 0.1568 0.8432 
   HI_SS0559  6 0.5384 0.4616 
   HI_SS0563  6 0.4946 0.5054 
   HI_SS0564  6 0.5660 0.4340 
   HI_SS0565  6 0.3025 0.6975 
   HI_SS0569  6 0.2717 0.7283 
   HI_SS0570  6 0.2445 0.7555 
   HI_SS0572  6 0.5012 0.4988 
   HI_SS0576  6 0.7535 0.2465 
   HI_SS0579  6 0.2826 0.7174 
   HI_SS0580  6 0.4195 0.5805 
   HI_SS0581  6 0.7542 0.2458 
   HI_SS0583  6 0.2626 0.7374 
   HI_SS0586  6 0.3404 0.6596 
   HI_SS0588  6 0.3421 0.6579 
   HI_SS0595  6 0.2234 0.7766 
   HI_SS0596  6 0.6945 0.3055 
   HI_SS0597  6 0.5576 0.4424 
   HI_SS0600  6 0.2937 0.7063 
   HI_SS0601  6 0.3080 0.6920 
   HI_SS0602  6 0.4950 0.5050 
   HI_SS0604  6 0.5752 0.4248 
   HI_SS0605  6 0.4883 0.5117 
   HI_SS0608  6 0.6462 0.3538 
   HI_SS0609  6 0.6713 0.3287 
   HI_SS0611  6 0.3126 0.6874 
   HI_SS0612  6 0.2957 0.7043 
   HI_SS0613  6 0.7086 0.2914 
   HI_SS0615  6 0.7368 0.2632 
   HI_SS0001  6 0.3885 0.6115 
   HI_SS0002  6 0.6404 0.3596 
   HI_SS0004  6 0.4128 0.5872 
   HI_SS0005  6 0.7727 0.2273 
   HI_SS0006  6 0.3067 0.6933 
   HI_SS0007  6 0.6321 0.3679 
   HI_SS0008  6 0.5751 0.4249 
   HI_SS0009  6 0.7873 0.2127 
   HI_SS0010  6 0.5654 0.4346 
   HI_SS0011  6 0.7632 0.2368 
   HI_SS0012  6 0.4346 0.5654 
   HI_SS0017  6 0.7286 0.2714 
   HI_SS0021  6 0.4685 0.5315 
   HI_SS0024  6 0.7147 0.2853 
   HI_SS0025  6 0.7899 0.2101 
   HI_SS0027  6 0.4182 0.5818 
   HI_SS0028  6 0.8518 0.1482 
   HI_SS0029  6 0.5725 0.4275 
   HI_SS0030  6 0.3403 0.6597 
   HI_SS0031  6 0.2779 0.7221 
   HI_SS0034  6 0.1847 0.8153 
   HI_SS0036  6 0.3380 0.6620 
   HI_SS0037  6 0.3525 0.6475 
   HI_SS0039  6 0.5667 0.4333 
   HI_SS0041  6 0.7968 0.2032 
   HI_SS0042  6 0.7233 0.2767 
   HI_SS0043  6 0.1673 0.8327 
   HI_SS0044  6 0.3795 0.6205 
   HI_SS0047  6 0.6345 0.3655 
   HI_SS0049  6 0.6981 0.3019 
   HI_SS0051  6 0.6215 0.3785 
   HI_SS0053  6 0.1630 0.8370 
   HI_SS0054  6 0.3485 0.6515 
   HI_SS0057  6 0.7677 0.2323 
   HI_SS0058  6 0.4210 0.5790 
   HI_SS0060  6 0.6478 0.3522 
   HI_SS0087  6 0.3650 0.6350 
   HI_SS0091  6 0.1145 0.8855 
   HI_SS0095  6 0.3359 0.6641 
   HI_SS0097  6 0.3489 0.6511 
   HI_SS0099  6 0.7487 0.2513 
   HI_SS0103  6 0.3977 0.6023 
   HI_SS0105  6 0.4464 0.5536 
   HI_SS0107  6 0.6445 0.3555 
   HI_SS0108  6 0.1327 0.8673 
   HI_SS0110  6 0.2378 0.7622 
   HI_SS0111  6 0.5049 0.4951 
   HI_SS0112  6 0.1790 0.8210 
   HI_SS0113  6 0.7643 0.2357 
   HI_SS0114  6 0.4195 0.5805 
   HI_SS0115  6 0.4597 0.5403 
   HI_SS0116  6 0.2189 0.7811 
   HI_SS0117  6 0.2890 0.7110 
   HI_SS0118  6 0.2726 0.7274 
   HI_SS0119  6 0.2344 0.7656 
   HI_SS0120  6 0.6721 0.3279 
   HI_SS0121  6 0.8093 0.1907 
   HI_SS0122  6 0.4940 0.5060 
   HI_SS0123  6 0.4225 0.5775 
   HI_SS0124  6 0.8018 0.1982 
   HI_SS0125  6 0.7985 0.2015 
   HI_SS0126  6 0.2683 0.7317 
   HI_SS0127  6 0.7343 0.2657 
   HI_SS0128  6 0.4791 0.5209 
   HI_SS0129  6 0.3665 0.6335 
   HI_SS0131  6 0.5017 0.4983 
   HI_SS0132  6 0.6024 0.3976 
   HI_SS0133  6 0.1923 0.8077 
   HI_SS0134  6 0.3947 0.6053 
   HI_SS0142  6 0.4548 0.5452 
   HI_SS0145  6 0.3568 0.6432 
   HI_SS0146  6 0.3907 0.6093 
   HI_SS0147  6 0.8118 0.1882 
   HI_SS0149  6 0.4695 0.5305 
   HI_SS0150  6 0.8083 0.1917 
   HI_SS0151  6 0.3322 0.6678 
   NS_SS1451  6 0.8104 0.1896 
   NS_SS1404  6 0.7796 0.2204 
   NS_SS1432  6 0.6610 0.3390 
   NS_SS1405  6 0.6742 0.3258 
   NS_SS1431  6 0.7371 0.2629 
   NS_SS1402  6 0.2667 0.7333 
   NS_SS1450  6 0.4292 0.5708 
   NS_SS1396  6 0.5538 0.4462 
   NS_SS1393  6 0.2705 0.7295 
   NS_SS1392  6 0.7167 0.2833 
   NS_SS1445  6 0.3085 0.6915 
   NS_SS1423  6 0.2336 0.7664 
   NS_SS1421  6 0.3903 0.6097 
   NS_SS1411  6 0.5643 0.4357 
   NS_SS1453  6 0.2899 0.7101 
   NS_SS1442  6 0.5487 0.4513 
   NS_SS1422  6 0.3393 0.6607 
   NS_SS1419  6 0.7693 0.2307 
   NS_SS1427  6 0.1534 0.8466 
   NS_SS1444  6 0.7766 0.2234 
   NS_SS1455  6 0.7100 0.2900 
   NS_SS1425  6 0.1552 0.8448 
   NS_SS1400  6 0.5063 0.4937 
   NS_SS1406  6 0.6658 0.3342 
   NS_SS1417  6 0.5525 0.4475 
   NS_SS1454  6 0.5616 0.4384 
   NS_SS1412  6 0.4684 0.5316 
   NS_SS1438  6 0.2481 0.7519 
   NS_SS1416  6 0.5655 0.4345 
   NS_SS1401  6 0.2554 0.7446 
   NS_SS1424  6 0.3464 0.6536 
   NS_SS1435  6 0.6289 0.3711 
   NS_SS1447  6 0.7443 0.2557 
   NS_SS1414  6 0.8578 0.1422 
   NS_SS1449  6 0.3877 0.6123 
   NS_SS1443  6 0.1410 0.8590 
   NS_SS1434  6 0.3135 0.6865 
   NS_SS1398  6 0.6668 0.3332 
   NS_SS1426  6 0.1851 0.8149 
   NS_SS1413  6 0.2947 0.7053 
   NS_SS1395  6 0.1596 0.8404 
   NS_SS1448  6 0.7276 0.2724 
   NS_SS1446  6 0.2142 0.7858 
   NS_SS1403  6 0.4011 0.5989 
   NS_SS1415  6 0.3246 0.6754 
   NS_SS1437  6 0.6761 0.3239 
   NS_SS1439  6 0.3314 0.6686 
   NS_SS1441  6 0.2219 0.7781 
   NS_SS1420  6 0.8591 0.1409 
   NS_SS1394  6 0.8126 0.1874 
   NS_SS1391  6 0.2312 0.7688 
   NS_SS1410  6 0.3114 0.6886 
   NS_SS1408  6 0.5809 0.4191 
   NS_SS1409  6 0.2531 0.7469 
   HI_SS0617  7 0.3137 0.6863 
   HI_SS0618  7 0.7014 0.2986 
   HI_SS0619  7 0.5614 0.4386 
   HI_SS0620  7 0.2899 0.7101 
   HI_SS0621  7 0.6181 0.3819 
   HI_SS0622  7 0.6630 0.3370 
   HI_SS0626  7 0.7350 0.2650 
   HI_SS0627  7 0.5366 0.4634 
   HI_SS0628  7 0.5138 0.4862 
   HI_SS0629  7 0.4445 0.5555 
   HI_SS0630  7 0.3817 0.6183 
   HI_SS0631  7 0.4705 0.5295 
   HI_SS0632  7 0.7458 0.2542 
   HI_SS0633  7 0.5732 0.4268 
   HI_SS0634  7 0.6101 0.3899 
   HI_SS0635  7 0.7915 0.2085 
   HI_SS0637  7 0.5107 0.4893 
   HI_SS0638  7 0.6143 0.3857 
   HI_SS0639  7 0.7402 0.2598 
   HI_SS0640  7 0.5527 0.4473 
   HI_SS0641  7 0.4432 0.5568 
   HI_SS0642  7 0.5625 0.4375 
   HI_SS0645  7 0.8854 0.1146 
   HI_SS0646  7 0.3050 0.6950 
   HI_SS0647  7 0.6561 0.3439 
   HI_SS0648  7 0.6073 0.3927 
   HI_SS0649  7 0.3727 0.6273 
   HI_SS0650  7 0.5331 0.4669 
   HI_SS0651  7 0.4572 0.5428 
   HI_SS0652  7 0.8130 0.1870 
   NS_SS1371  7 0.1546 0.8454 
   NS_SS1374  7 0.4223 0.5777 
   NS_SS1337  7 0.8301 0.1699 
   NS_SS1385  7 0.3371 0.6629 
   NS_SS1388  7 0.6647 0.3353 
   NS_SS1370  7 0.8419 0.1581 
   NS_SS1389  7 0.8227 0.1773 
   NS_SS1360  7 0.4479 0.5521 
   NS_SS1330  7 0.7347 0.2653 
   NS_SS1328  7 0.2708 0.7292 
   NS_SS1384  7 0.3381 0.6619 
   NS_SS1381  7 0.6459 0.3541 
   NS_SS1375  7 0.7372 0.2628 
   NS_SS1319  7 0.4894 0.5106 
   NS_SS1326  7 0.2968 0.7032 
   NS_SS1341  7 0.2310 0.7690 
   NS_SS1383  7 0.4926 0.5074 
   NS_SS1318  7 0.6652 0.3348 
   NS_SS1348  7 0.1604 0.8396 
   NS_SS1363  7 0.6594 0.3406 
   NS_SS1335  7 0.3461 0.6539 
   NS_SS1358  7 0.3001 0.6999 
   NS_SS1342  7 0.1838 0.8162 
   NS_SS1320  7 0.7969 0.2031 
   NS_SS1355  7 0.6551 0.3449 
   NS_SS1345  7 0.7261 0.2739 
   NS_SS1324  7 0.3432 0.6568 
   NS_SS1347  7 0.2744 0.7256 
   NS_SS1321  7 0.2809 0.7191 
   NS_SS1333  7 0.2731 0.7269 
   NS_SS1364  7 0.4066 0.5934 
   NS_SS1379  7 0.5651 0.4349 
   NS_SS1332  7 0.2879 0.7121 
   NS_SS1338  7 0.4282 0.5718 
   NS_SS1368  7 0.3231 0.6769 
   NS_SS1354  7 0.4806 0.5194 
   NS_SS1365  7 0.7523 0.2477 
   NS_SS1380  7 0.7895 0.2105 
   NS_SS1329  7 0.2328 0.7672 
   NS_SS1362  7 0.3861 0.6139 
   NS_SS1327  7 0.1118 0.8882 
   NS_SS1350  7 0.1921 0.8079 
   NS_SS1387  7 0.7225 0.2775 
   NS_SS1369  7 0.4409 0.5591 
   NS_SS1331  7 0.6990 0.3010 
   NS_SS1357  7 0.2545 0.7455 
   NS_SS1386  7 0.1328 0.8672 
   NS_SS1353  7 0.5045 0.4955 
   NS_SS1323  7 0.7014 0.2986 
   HI_SS0296  8 0.4105 0.5895 
   HI_SS0297  8 0.5031 0.4969 
   HI_SS0299  8 0.4672 0.5328 
   HI_SS0300  8 0.6049 0.3951 
   HI_SS0301  8 0.7894 0.2106 
   HI_SS0302  8 0.5943 0.4057 
   HI_SS0303  8 0.3236 0.6764 
   HI_SS0304  8 0.7912 0.2088 
   HI_SS0306  8 0.4826 0.5174 
   HI_SS0307  8 0.7068 0.2932 
   HI_SS0308  8 0.5342 0.4658 
   HI_SS0309  8 0.5073 0.4927 
   HI_SS0310  8 0.7095 0.2905 
   HI_SS0311  8 0.6922 0.3078 
   HI_SS0314  8 0.5856 0.4144 
   HI_SS0316  8 0.3735 0.6265 
   HI_SS0317  8 0.5161 0.4839 
   HI_SS0318  8 0.2041 0.7959 
   HI_SS0319  8 0.1234 0.8766 
   HI_SS0320  8 0.7561 0.2439 
   HI_SS0321  8 0.1679 0.8321 
   HI_SS0323  8 0.4267 0.5733 
   HI_SS0325  8 0.6014 0.3986 
   HI_SS0327  8 0.0928 0.9072 
   HI_SS0329  8 0.8038 0.1962 
   HI_SS0333  8 0.4085 0.5915 
   HI_SS0334  8 0.1909 0.8091 
   HI_SS0335  8 0.5983 0.4017 
   HI_SS0339  8 0.7592 0.2408 
   HI_SS0343  8 0.4628 0.5372 
   HI_SS0344  8 0.1128 0.8872 
   HI_SS0345  8 0.7342 0.2658 
   HI_SS0346  8 0.4931 0.5069 
   HI_SS0350  8 0.7880 0.2120 
   HI_SS0351  8 0.4333 0.5667 
   HI_SS0352  8 0.6754 0.3246 
   HI_SS0362  8 0.6968 0.3032 
   HI_SS0363  8 0.1734 0.8266 
   HI_SS0365  8 0.2304 0.7696 
   HI_SS0366  8 0.1567 0.8433 
   HI_SS0367  8 0.7317 0.2683 
   HI_SS0369  8 0.7902 0.2098 
   HI_SS0370  8 0.2100 0.7900 
   HI_SS0371  8 0.5121 0.4879 
   HI_SS0373  8 0.5635 0.4365 
   HI_SS0374  8 0.6367 0.3633 
   HI_SS0377  8 0.4362 0.5638 
   HI_SS0379  8 0.1176 0.8824 
   HI_SS0380  8 0.6600 0.3400 
   HI_SS0381  8 0.6931 0.3069 
   HI_SS0384  8 0.3848 0.6152 
   HI_SS0385  8 0.7738 0.2262 
