   NS_SS0963  1 0.9948 0.0052 
   NS_SS0983  1 0.9969 0.0031 
   NS_SS0719  1 0.9963 0.0037 
   NS_SS1001  1 0.9952 0.0048 
   NS_SS0936  1 0.9979 0.0021 
   NS_SS0955  1 0.9975 0.0025 
   NS_SS0944  1 0.9987 0.0013 
   NS_SS0945  1 0.9936 0.0064 
   NS_SS0922  1 0.9748 0.0252 
   NS_SS0929  1 0.9977 0.0023 
   NS_SS0956  1 0.9964 0.0036 
   NS_SS0906  1 0.9972 0.0028 
   NS_SS0721  1 0.9960 0.0040 
   NS_SS0982  1 0.9847 0.0153 
   NS_SS0923  1 0.9964 0.0036 
   NS_SS0905  1 0.9985 0.0015 
   NS_SS0925  1 0.9964 0.0036 
   NS_SS0947  1 0.9964 0.0036 
   NS_SS0926  1 0.9991 0.0009 
   NS_SS0918  1 0.9984 0.0016 
   NS_SS0966  1 0.9618 0.0382 
   NS_SS0938  1 0.9987 0.0013 
   NS_SS0917  1 0.9708 0.0292 
   NS_SS0957  1 0.9945 0.0055 
   NS_SS0987  1 0.7590 0.2410 
   NS_SS0717  1 0.9980 0.0020 
   NS_SS0986  1 0.9969 0.0031 
   NS_SS0953  1 0.9858 0.0142 
   NS_SS0907  1 0.9625 0.0375 
   NS_SS0974  1 0.9971 0.0029 
   NS_SS0989  1 0.9990 0.0010 
   NS_SS0991  1 0.9984 0.0016 
   NS_SS0994  1 0.9983 0.0017 
   NS_SS0931  1 0.9926 0.0074 
   NS_SS1000  1 0.9968 0.0032 
   NS_SS0919  1 0.9972 0.0028 
   NS_SS0949  1 0.9989 0.0011 
   NS_SS0960  1 0.9952 0.0048 
   NS_SS0716  1 0.9933 0.0067 
   NS_SS0924  1 0.9853 0.0147 
   NS_SS0935  1 0.9935 0.0065 
   NS_SS0952  1 0.9722 0.0278 
   NS_SS0962  1 0.9940 0.0060 
   NS_SS0973  1 0.9969 0.0031 
   NS_SS0722  1 0.9983 0.0017 
   NS_SS0979  1 0.9983 0.0017 
   NS_SS0993  1 0.9844 0.0156 
   NS_SS0958  1 0.9981 0.0019 
   NS_SS0988  1 0.9961 0.0039 
   NS_SS1003  1 0.9908 0.0092 
   NS_SS0976  1 0.9985 0.0015 
   NS_SS0964  1 0.9976 0.0024 
   NS_SS0939  1 0.9955 0.0045 
   NS_SS0990  1 0.9971 0.0029 
   NS_SS0984  1 0.9980 0.0020 
   NS_SS0980  1 0.9981 0.0019 
   NS_SS0978  1 0.9976 0.0024 
   NS_SS0951  1 0.9975 0.0025 
   NS_SS0913  1 0.9637 0.0363 
   NS_SS1002  1 0.9564 0.0436 
   NS_SS0948  1 0.9640 0.0360 
   NS_SS0916  1 0.9962 0.0038 
   NS_SS0995  1 0.9975 0.0025 
   NS_SS0927  1 0.9960 0.0040 
   NS_SS0992  1 0.9976 0.0024 
   NS_SS0912  1 0.9979 0.0021 
   NS_SS0981  1 0.9972 0.0028 
   NS_SS0729  2 0.9971 0.0029 
   NS_SS0967  2 0.9899 0.0101 
   NS_SS0941  2 0.9426 0.0574 
   NS_SS0768  2 0.9964 0.0036 
   NS_SS0726  2 0.9941 0.0059 
   NS_SS0763  2 0.9983 0.0017 
   NS_SS0730  2 0.9970 0.0030 
   NS_SS0774  2 0.9992 0.0008 
   NS_SS0723  2 0.9984 0.0016 
   NS_SS0940  2 0.9952 0.0048 
   NS_SS0762  2 0.9974 0.0026 
   NS_SS0766  2 0.9904 0.0096 
   NS_SS0724  2 0.9962 0.0038 
   NS_SS0769  2 0.9970 0.0030 
   NS_SS0777  2 0.9905 0.0095 
   NS_SS0734  2 0.9817 0.0183 
   NS_SS0737  2 0.9950 0.0050 
   NS_SS0732  2 0.9960 0.0040 
   NS_SS0728  2 0.9907 0.0093 
   NS_SS0735  2 0.9937 0.0063 
   NS_SS0725  2 0.9938 0.0062 
   NS_SS0788  2 0.9986 0.0014 
   NS_SS0778  2 0.9987 0.0013 
   NS_SS0792  2 0.9957 0.0043 
   NS_SS0943  2 0.9944 0.0056 
   NS_SS0791  2 0.9868 0.0132 
   NS_SS0790  2 0.9968 0.0032 
   NS_SS0731  2 0.9880 0.0120 
   NS_SS0727  2 0.9985 0.0015 
   NS_SS0779  2 0.9954 0.0046 
   NS_SS0776  2 0.9944 0.0056 
   NS_SS0775  2 0.9929 0.0071 
   NS_SS0965  3 0.9984 0.0016 
   NS_SS0754  3 0.9907 0.0093 
   NS_SS0838  3 0.9648 0.0352 
   NS_SS0839  3 0.9968 0.0032 
   NS_SS0832  3 0.9501 0.0499 
   NS_SS0820  3 0.9933 0.0067 
   NS_SS0886  3 0.9986 0.0014 
   NS_SS0748  3 0.9941 0.0059 
   NS_SS0884  3 0.9821 0.0179 
   NS_SS0752  3 0.9983 0.0017 
   NS_SS0862  3 0.9964 0.0036 
   NS_SS0787  3 0.9945 0.0055 
   NS_SS0843  3 0.9984 0.0016 
   NS_SS0856  3 0.9973 0.0027 
   NS_SS0846  3 0.9975 0.0025 
   NS_SS0825  3 0.9920 0.0080 
   NS_SS0757  3 0.9972 0.0028 
   NS_SS0876  3 0.7866 0.2134 
   NS_SS0903  3 0.9977 0.0023 
   NS_SS0875  3 0.9973 0.0027 
   NS_SS0740  3 0.9973 0.0027 
   NS_SS0811  3 0.9916 0.0084 
   NS_SS0751  3 0.9981 0.0019 
   NS_SS0891  3 0.9950 0.0050 
   NS_SS0867  3 0.9800 0.0200 
   NS_SS0890  3 0.9972 0.0028 
   NS_SS0866  3 0.9959 0.0041 
   NS_SS0755  3 0.9950 0.0050 
   NS_SS0758  3 0.9984 0.0016 
   NS_SS0840  3 0.9981 0.0019 
   NS_SS0889  3 0.9983 0.0017 
   NS_SS1010  3 0.9672 0.0328 
   NS_SS0888  3 0.9988 0.0012 
   NS_SS0837  3 0.9980 0.0020 
   NS_SS0794  3 0.9984 0.0016 
   NS_SS0823  3 0.9968 0.0032 
   NS_SS0829  3 0.9008 0.0992 
   NS_SS0844  3 0.9982 0.0018 
   NS_SS1008  3 0.9913 0.0087 
   NS_SS0881  3 0.9981 0.0019 
   NS_SS0834  3 0.9944 0.0056 
   NS_SS0744  3 0.9952 0.0048 
   NS_SS0899  3 0.9988 0.0012 
   NS_SS0804  3 0.9965 0.0035 
   NS_SS0781  3 0.9973 0.0027 
   NS_SS0822  3 0.9985 0.0015 
   NS_SS1004  3 0.9968 0.0032 
   NS_SS0746  3 0.9903 0.0097 
   NS_SS0880  3 0.9986 0.0014 
   NS_SS0879  3 0.9888 0.0112 
   NS_SS0753  3 0.9925 0.0075 
   NS_SS1007  3 0.9984 0.0016 
   NS_SS0872  3 0.9983 0.0017 
   NS_SS1005  3 0.9991 0.0009 
   NS_SS0892  3 0.9984 0.0016 
   NS_SS0898  3 0.9956 0.0044 
   NS_SS0801  3 0.9910 0.0090 
   NS_SS0827  3 0.8930 0.1070 
   NS_SS0853  3 0.9948 0.0052 
   NS_SS0780  3 0.9965 0.0035 
   NS_SS0826  3 0.9972 0.0028 
   NS_SS0818  3 0.9986 0.0014 
   NS_SS0745  3 0.9988 0.0012 
   NS_SS0849  3 0.9986 0.0014 
   NS_SS0739  3 0.9889 0.0111 
   NS_SS0799  3 0.9990 0.0010 
   NS_SS0756  3 0.9970 0.0030 
   NS_SS0802  3 0.8092 0.1908 
   NS_SS0747  3 0.9952 0.0048 
   NS_SS0835  3 0.9991 0.0009 
   NS_SS0742  3 0.9990 0.0010 
   NS_SS0760  3 0.9636 0.0364 
   NS_SS0803  3 0.9922 0.0078 
   NS_SS0828  3 0.9988 0.0012 
   NS_SS0865  3 0.9780 0.0220 
   NS_SS0759  3 0.9960 0.0040 
   NS_SS0851  3 0.9856 0.0144 
   NS_SS0874  3 0.9989 0.0011 
   NS_SS0761  3 0.9980 0.0020 
   NS_SS0842  3 0.9944 0.0056 
   NS_SS0785  3 0.9959 0.0041 
   NS_SS0860  3 0.9984 0.0016 
   NS_SS0897  3 0.9987 0.0013 
   NS_SS0841  3 0.9966 0.0034 
   NS_SS0797  3 0.9830 0.0170 
   NS_SS0830  3 0.9984 0.0016 
   NS_SS1011  3 0.9946 0.0054 
   NS_SS0883  3 0.9953 0.0047 
   NS_SS0782  3 0.9981 0.0019 
   NS_SS0831  3 0.9978 0.0022 
   NS_SS0749  3 0.9969 0.0031 
   NS_SS0854  3 0.9977 0.0023 
   HI_SS0193  4 0.9989 0.0011 
   HI_SS0194  4 0.9985 0.0015 
   HI_SS0195  4 0.8910 0.1090 
   HI_SS0196  4 0.9980 0.0020 
   HI_SS0197  4 0.9879 0.0121 
   HI_SS0198  4 0.9922 0.0078 
   HI_SS0199  4 0.9979 0.0021 
   HI_SS0201  4 0.9983 0.0017 
   HI_SS0215  4 0.9977 0.0023 
   HI_SS0218  4 0.9959 0.0041 
   HI_SS0222  4 0.9962 0.0038 
   HI_SS0230  4 0.9951 0.0049 
   HI_SS0234  4 0.8580 0.1420 
   HI_SS0240  4 0.9935 0.0065 
   HI_SS0241  4 0.9984 0.0016 
   HI_SS0242  4 0.9977 0.0023 
   HI_SS0247  4 0.9786 0.0214 
   HI_SS0248  4 0.9994 0.0006 
   HI_SS0252  4 0.9981 0.0019 
   HI_SS0254  4 0.9216 0.0784 
   HI_SS0256  4 0.9986 0.0014 
   HI_SS0257  4 0.9975 0.0025 
   HI_SS0258  4 0.9967 0.0033 
   HI_SS0259  4 0.9977 0.0023 
   HI_SS0260  4 0.9986 0.0014 
   HI_SS0261  4 0.9979 0.0021 
   HI_SS0262  4 0.9945 0.0055 
   HI_SS0264  4 0.9968 0.0032 
   HI_SS0265  4 0.9035 0.0965 
   HI_SS0268  4 0.9976 0.0024 
   HI_SS0269  4 0.9984 0.0016 
   HI_SS0273  4 0.9988 0.0012 
   HI_SS0277  4 0.9978 0.0022 
   HI_SS0280  4 0.9959 0.0041 
   HI_SS0282  4 0.9989 0.0011 
   HI_SS0286  4 0.9941 0.0059 
   NS_SS1252  5 0.9971 0.0029 
   NS_SS1261  5 0.9865 0.0135 
   NS_SS1225  5 0.9160 0.0840 
   NS_SS1266  5 0.9921 0.0079 
   NS_SS1228  5 0.9869 0.0131 
   NS_SS1255  5 0.9987 0.0013 
   NS_SS1267  5 0.9898 0.0102 
   NS_SS1238  5 0.9980 0.0020 
   NS_SS1233  5 0.9982 0.0018 
   NS_SS1277  5 0.9993 0.0007 
   NS_SS1245  5 0.9987 0.0013 
   NS_SS1240  5 0.9983 0.0017 
   NS_SS1275  5 0.9973 0.0027 
   NS_SS1235  5 0.9955 0.0045 
   NS_SS1263  5 0.9991 0.0009 
   NS_SS1251  5 0.9989 0.0011 
   NS_SS1248  5 0.9066 0.0934 
   NS_SS1244  5 0.9964 0.0036 
   NS_SS1257  5 0.9798 0.0202 
   NS_SS1242  5 0.9979 0.0021 
   NS_SS1271  5 0.9778 0.0222 
   NS_SS1265  5 0.9852 0.0148 
   NS_SS1243  5 0.9270 0.0730 
   NS_SS1273  5 0.9920 0.0080 
   NS_SS1254  5 0.9950 0.0050 
   NS_SS1224  5 0.9931 0.0069 
   NS_SS1227  5 0.9986 0.0014 
   NS_SS1274  5 0.9875 0.0125 
   NS_SS1241  5 0.9992 0.0008 
   NS_SS1256  5 0.9696 0.0304 
   NS_SS1260  5 0.9374 0.0626 
   NS_SS1262  5 0.8309 0.1691 
   NS_SS1230  5 0.9944 0.0056 
   NS_SS1270  5 0.9983 0.0017 
   NS_SS1229  5 0.9966 0.0034 
   NS_SS1246  5 0.9977 0.0023 
   NS_SS1269  5 0.9981 0.0019 
   NS_SS1239  5 0.9958 0.0042 
   NS_SS1272  5 0.9943 0.0057 
   NS_SS1268  5 0.9982 0.0018 
   NS_SS1249  5 0.9914 0.0086 
   HI_SS0559  6 0.9987 0.0013 
   HI_SS0563  6 0.9975 0.0025 
   HI_SS0564  6 0.9498 0.0502 
   HI_SS0565  6 0.9974 0.0026 
   HI_SS0569  6 0.9983 0.0017 
   HI_SS0570  6 0.9715 0.0285 
   HI_SS0572  6 0.9980 0.0020 
   HI_SS0576  6 0.9954 0.0046 
   HI_SS0579  6 0.9877 0.0123 
   HI_SS0580  6 0.9964 0.0036 
   HI_SS0581  6 0.9329 0.0671 
   HI_SS0583  6 0.9981 0.0019 
   HI_SS0586  6 0.9991 0.0009 
   HI_SS0588  6 0.9863 0.0137 
   HI_SS0595  6 0.9805 0.0195 
   HI_SS0596  6 0.9983 0.0017 
   HI_SS0597  6 0.9979 0.0021 
   HI_SS0600  6 0.9976 0.0024 
   HI_SS0601  6 0.9892 0.0108 
   HI_SS0602  6 0.9979 0.0021 
   HI_SS0604  6 0.9986 0.0014 
   HI_SS0605  6 0.9942 0.0058 
   HI_SS0608  6 0.9990 0.0010 
   HI_SS0609  6 0.9993 0.0007 
   HI_SS0611  6 0.9977 0.0023 
   HI_SS0612  6 0.9944 0.0056 
   HI_SS0613  6 0.9987 0.0013 
   HI_SS0615  6 0.9905 0.0095 
   HI_SS0001  6 0.9968 0.0032 
   HI_SS0002  6 0.9787 0.0213 
   HI_SS0004  6 0.9959 0.0041 
   HI_SS0005  6 0.9949 0.0051 
   HI_SS0006  6 0.9987 0.0013 
   HI_SS0007  6 0.9981 0.0019 
   HI_SS0008  6 0.9678 0.0322 
   HI_SS0009  6 0.9960 0.0040 
   HI_SS0010  6 0.9974 0.0026 
   HI_SS0011  6 0.9215 0.0785 
   HI_SS0012  6 0.9956 0.0044 
   HI_SS0017  6 0.9983 0.0017 
   HI_SS0021  6 0.7617 0.2383 
   HI_SS0024  6 0.9984 0.0016 
   HI_SS0025  6 0.9974 0.0026 
   HI_SS0027  6 0.9895 0.0105 
   HI_SS0028  6 0.9986 0.0014 
   HI_SS0029  6 0.9943 0.0057 
   HI_SS0030  6 0.9960 0.0040 
   HI_SS0031  6 0.9968 0.0032 
   HI_SS0034  6 0.9962 0.0038 
   HI_SS0036  6 0.9917 0.0083 
   HI_SS0037  6 0.9968 0.0032 
   HI_SS0039  6 0.9980 0.0020 
   HI_SS0041  6 0.9985 0.0015 
   HI_SS0042  6 0.8854 0.1146 
   HI_SS0043  6 0.9977 0.0023 
   HI_SS0044  6 0.9980 0.0020 
   HI_SS0047  6 0.9981 0.0019 
   HI_SS0049  6 0.9967 0.0033 
   HI_SS0051  6 0.9980 0.0020 
   HI_SS0053  6 0.9964 0.0036 
   HI_SS0054  6 0.9973 0.0027 
   HI_SS0057  6 0.9972 0.0028 
   HI_SS0058  6 0.9957 0.0043 
   HI_SS0060  6 0.9311 0.0689 
   HI_SS0087  6 0.9982 0.0018 
   HI_SS0091  6 0.9990 0.0010 
   HI_SS0095  6 0.9554 0.0446 
   HI_SS0097  6 0.9963 0.0037 
   HI_SS0099  6 0.9968 0.0032 
   HI_SS0103  6 0.9974 0.0026 
   HI_SS0105  6 0.9778 0.0222 
   HI_SS0107  6 0.9991 0.0009 
   HI_SS0108  6 0.9831 0.0169 
   HI_SS0110  6 0.9990 0.0010 
   HI_SS0111  6 0.9763 0.0237 
   HI_SS0112  6 0.9990 0.0010 
   HI_SS0113  6 0.9970 0.0030 
   HI_SS0114  6 0.9957 0.0043 
   HI_SS0115  6 0.9886 0.0114 
   HI_SS0116  6 0.9974 0.0026 
   HI_SS0117  6 0.9982 0.0018 
   HI_SS0118  6 0.9913 0.0087 
   HI_SS0119  6 0.9983 0.0017 
   HI_SS0120  6 0.9971 0.0029 
   HI_SS0121  6 0.9986 0.0014 
   HI_SS0122  6 0.9822 0.0178 
   HI_SS0123  6 0.9962 0.0038 
   HI_SS0124  6 0.9976 0.0024 
   HI_SS0125  6 0.9652 0.0348 
   HI_SS0126  6 0.9992 0.0008 
   HI_SS0127  6 0.9930 0.0070 
   HI_SS0128  6 0.9979 0.0021 
   HI_SS0129  6 0.9925 0.0075 
   HI_SS0131  6 0.9730 0.0270 
   HI_SS0132  6 0.9995 0.0005 
   HI_SS0133  6 0.9989 0.0011 
   HI_SS0134  6 0.9983 0.0017 
   HI_SS0142  6 0.9856 0.0144 
   HI_SS0145  6 0.9988 0.0012 
   HI_SS0146  6 0.9991 0.0009 
   HI_SS0147  6 0.9777 0.0223 
   HI_SS0149  6 0.9962 0.0038 
   HI_SS0150  6 0.9960 0.0040 
   HI_SS0151  6 0.9893 0.0107 
   NS_SS1451  6 0.9970 0.0030 
   NS_SS1404  6 0.9922 0.0078 
   NS_SS1432  6 0.9637 0.0363 
   NS_SS1405  6 0.9973 0.0027 
   NS_SS1431  6 0.9993 0.0007 
   NS_SS1402  6 0.9981 0.0019 
   NS_SS1450  6 0.9971 0.0029 
   NS_SS1396  6 0.9950 0.0050 
   NS_SS1393  6 0.9970 0.0030 
   NS_SS1392  6 0.9837 0.0163 
   NS_SS1445  6 0.9921 0.0079 
   NS_SS1423  6 0.9987 0.0013 
   NS_SS1421  6 0.9140 0.0860 
   NS_SS1411  6 0.9988 0.0012 
   NS_SS1453  6 0.9954 0.0046 
   NS_SS1442  6 0.9972 0.0028 
   NS_SS1422  6 0.9898 0.0102 
   NS_SS1419  6 0.8336 0.1664 
   NS_SS1427  6 0.9985 0.0015 
   NS_SS1444  6 0.9966 0.0034 
   NS_SS1455  6 0.9988 0.0012 
   NS_SS1425  6 0.9988 0.0012 
   NS_SS1400  6 0.9990 0.0010 
   NS_SS1406  6 0.9919 0.0081 
   NS_SS1417  6 0.9939 0.0061 
   NS_SS1454  6 0.9989 0.0011 
   NS_SS1412  6 0.9851 0.0149 
   NS_SS1438  6 0.9989 0.0011 
   NS_SS1416  6 0.9945 0.0055 
   NS_SS1401  6 0.9902 0.0098 
   NS_SS1424  6 0.9906 0.0094 
   NS_SS1435  6 0.9978 0.0022 
   NS_SS1447  6 0.9945 0.0055 
   NS_SS1414  6 0.9935 0.0065 
   NS_SS1449  6 0.9964 0.0036 
   NS_SS1443  6 0.9985 0.0015 
   NS_SS1434  6 0.9994 0.0006 
   NS_SS1398  6 0.9822 0.0178 
   NS_SS1426  6 0.9985 0.0015 
   NS_SS1413  6 0.9918 0.0082 
   NS_SS1395  6 0.9920 0.0080 
   NS_SS1448  6 0.9983 0.0017 
   NS_SS1446  6 0.9977 0.0023 
   NS_SS1403  6 0.9954 0.0046 
   NS_SS1415  6 0.9931 0.0069 
   NS_SS1437  6 0.9938 0.0062 
   NS_SS1439  6 0.9977 0.0023 
   NS_SS1441  6 0.9982 0.0018 
   NS_SS1420  6 0.9968 0.0032 
   NS_SS1394  6 0.9634 0.0366 
   NS_SS1391  6 0.9906 0.0094 
   NS_SS1410  6 0.9887 0.0113 
   NS_SS1408  6 0.9540 0.0460 
   NS_SS1409  6 0.9981 0.0019 
   HI_SS0617  7 0.9990 0.0010 
   HI_SS0618  7 0.9979 0.0021 
   HI_SS0619  7 0.9973 0.0027 
   HI_SS0620  7 0.9981 0.0019 
   HI_SS0621  7 0.9888 0.0112 
   HI_SS0622  7 0.9914 0.0086 
   HI_SS0626  7 0.9928 0.0072 
   HI_SS0627  7 0.9931 0.0069 
   HI_SS0628  7 0.9582 0.0418 
   HI_SS0629  7 0.9954 0.0046 
   HI_SS0630  7 0.9662 0.0338 
   HI_SS0631  7 0.9993 0.0007 
   HI_SS0632  7 0.9979 0.0021 
   HI_SS0633  7 0.9971 0.0029 
   HI_SS0634  7 0.9982 0.0018 
   HI_SS0635  7 0.9928 0.0072 
   HI_SS0637  7 0.9972 0.0028 
   HI_SS0638  7 0.9990 0.0010 
   HI_SS0639  7 0.9575 0.0425 
   HI_SS0640  7 0.9984 0.0016 
   HI_SS0641  7 0.9963 0.0037 
   HI_SS0642  7 0.9982 0.0018 
   HI_SS0645  7 0.9992 0.0008 
   HI_SS0646  7 0.9979 0.0021 
   HI_SS0647  7 0.9990 0.0010 
   HI_SS0648  7 0.9976 0.0024 
   HI_SS0649  7 0.9985 0.0015 
   HI_SS0650  7 0.9960 0.0040 
   HI_SS0651  7 0.9968 0.0032 
   HI_SS0652  7 0.9970 0.0030 
   NS_SS1371  7 0.9949 0.0051 
   NS_SS1374  7 0.9978 0.0022 
   NS_SS1337  7 0.9972 0.0028 
   NS_SS1385  7 0.9961 0.0039 
   NS_SS1388  7 0.9950 0.0050 
   NS_SS1370  7 0.9914 0.0086 
   NS_SS1389  7 0.9969 0.0031 
   NS_SS1360  7 0.9965 0.0035 
   NS_SS1330  7 0.9966 0.0034 
   NS_SS1328  7 0.9982 0.0018 
   NS_SS1384  7 0.9971 0.0029 
   NS_SS1381  7 0.9993 0.0007 
   NS_SS1375  7 0.9991 0.0009 
   NS_SS1319  7 0.9066 0.0934 
   NS_SS1326  7 0.9931 0.0069 
   NS_SS1341  7 0.9962 0.0038 
   NS_SS1383  7 0.9967 0.0033 
   NS_SS1318  7 0.9875 0.0125 
   NS_SS1348  7 0.9988 0.0012 
   NS_SS1363  7 0.9963 0.0037 
   NS_SS1335  7 0.9768 0.0232 
   NS_SS1358  7 0.9898 0.0102 
   NS_SS1342  7 0.9988 0.0012 
   NS_SS1320  7 0.9941 0.0059 
   NS_SS1355  7 0.9884 0.0116 
   NS_SS1345  7 0.9847 0.0153 
   NS_SS1324  7 0.9982 0.0018 
   NS_SS1347  7 0.9969 0.0031 
   NS_SS1321  7 0.9990 0.0010 
   NS_SS1333  7 0.9974 0.0026 
   NS_SS1364  7 0.9982 0.0018 
   NS_SS1379  7 0.9572 0.0428 
   NS_SS1332  7 0.9957 0.0043 
   NS_SS1338  7 0.9946 0.0054 
   NS_SS1368  7 0.9962 0.0038 
   NS_SS1354  7 0.9901 0.0099 
   NS_SS1365  7 0.9927 0.0073 
   NS_SS1380  7 0.9796 0.0204 
   NS_SS1329  7 0.9975 0.0025 
   NS_SS1362  7 0.9967 0.0033 
   NS_SS1327  7 0.9972 0.0028 
   NS_SS1350  7 0.9917 0.0083 
   NS_SS1387  7 0.9976 0.0024 
   NS_SS1369  7 0.9971 0.0029 
   NS_SS1331  7 0.9918 0.0082 
   NS_SS1357  7 0.9973 0.0027 
   NS_SS1386  7 0.9977 0.0023 
   NS_SS1353  7 0.9969 0.0031 
   NS_SS1323  7 0.9327 0.0673 
   HI_SS0296  8 0.9986 0.0014 
   HI_SS0297  8 0.9992 0.0008 
   HI_SS0299  8 0.9730 0.0270 
   HI_SS0300  8 0.9991 0.0009 
   HI_SS0301  8 0.9970 0.0030 
   HI_SS0302  8 0.9835 0.0165 
   HI_SS0303  8 0.9953 0.0047 
   HI_SS0304  8 0.9982 0.0018 
   HI_SS0306  8 0.9976 0.0024 
   HI_SS0307  8 0.9933 0.0067 
   HI_SS0308  8 0.9296 0.0704 
   HI_SS0309  8 0.9974 0.0026 
   HI_SS0310  8 0.9951 0.0049 
   HI_SS0311  8 0.9981 0.0019 
   HI_SS0314  8 0.9989 0.0011 
   HI_SS0316  8 0.9966 0.0034 
   HI_SS0317  8 0.9982 0.0018 
   HI_SS0318  8 0.8160 0.1840 
   HI_SS0319  8 0.9964 0.0036 
   HI_SS0320  8 0.9990 0.0010 
   HI_SS0321  8 0.9984 0.0016 
   HI_SS0323  8 0.9988 0.0012 
   HI_SS0325  8 0.9987 0.0013 
   HI_SS0327  8 0.9989 0.0011 
   HI_SS0329  8 0.9989 0.0011 
   HI_SS0333  8 0.9977 0.0023 
   HI_SS0334  8 0.9988 0.0012 
   HI_SS0335  8 0.9794 0.0206 
   HI_SS0339  8 0.9907 0.0093 
   HI_SS0343  8 0.9983 0.0017 
   HI_SS0344  8 0.9975 0.0025 
   HI_SS0345  8 0.9938 0.0062 
   HI_SS0346  8 0.9967 0.0033 
   HI_SS0350  8 0.9910 0.0090 
   HI_SS0351  8 0.9970 0.0030 
   HI_SS0352  8 0.9064 0.0936 
   HI_SS0362  8 0.9982 0.0018 
   HI_SS0363  8 0.9970 0.0030 
   HI_SS0365  8 0.9964 0.0036 
   HI_SS0366  8 0.9987 0.0013 
   HI_SS0367  8 0.9981 0.0019 
   HI_SS0369  8 0.9981 0.0019 
   HI_SS0370  8 0.9973 0.0027 
   HI_SS0371  8 0.9966 0.0034 
   HI_SS0373  8 0.9913 0.0087 
   HI_SS0374  8 0.9774 0.0226 
   HI_SS0377  8 0.9320 0.0680 
   HI_SS0379  8 0.9991 0.0009 
   HI_SS0380  8 0.9939 0.0061 
   HI_SS0381  8 0.9964 0.0036 
   HI_SS0384  8 0.9950 0.0050 
   HI_SS0385  8 0.9990 0.0010 
   HI_SS0386  9 0.0011 0.9989 
   HI_SS0387  9 0.0131 0.9869 
   HI_SS0389  9 0.0029 0.9971 
   HI_SS0390  9 0.0015 0.9985 
   HI_SS0391  9 0.0022 0.9978 
   HI_SS0392  9 0.0014 0.9986 
   HI_SS0393  9 0.0012 0.9988 
   HI_SS0394  9 0.0012 0.9988 
   HI_SS0395  9 0.0032 0.9968 
   HI_SS0396  9 0.0098 0.9902 
   HI_SS0398  9 0.0054 0.9946 
   HI_SS0399  9 0.0010 0.9990 
   HI_SS0400  9 0.0017 0.9983 
   HI_SS0401  9 0.0014 0.9986 
   HI_SS0402  9 0.0011 0.9989 
   HI_SS0403  9 0.0013 0.9987 
   HI_SS0404  9 0.0010 0.9990 
   HI_SS0405  9 0.0171 0.9829 
   HI_SS0406  9 0.0020 0.9980 
   HI_SS0407  9 0.0060 0.9940 
   HI_SS0408  9 0.0011 0.9989 
   HI_SS0409  9 0.0024 0.9976 
   HI_SS0411  9 0.0021 0.9979 
   HI_SS0412  9 0.1686 0.8314 
   HI_SS0413  9 0.0018 0.9982 
   HI_SS0414  9 0.0167 0.9833 
   HI_SS0415  9 0.0013 0.9987 
   HI_SS0416  9 0.0026 0.9974 
   HI_SS0418  9 0.0042 0.9958 
   HI_SS0419  9 0.0026 0.9974 
   HI_SS0420  9 0.0016 0.9984 
   HI_SS0421  9 0.0041 0.9959 
   HI_SS0422  9 0.0013 0.9987 
   HI_SS0423  9 0.0032 0.9968 
   HI_SS0424  9 0.0015 0.9985 
   HI_SS0425  9 0.0023 0.9977 
   NS_SS1146 10 0.0020 0.9980 
   NS_SS1157 10 0.0056 0.9944 
   NS_SS1144 10 0.0204 0.9796 
   NS_SS1074 10 0.0030 0.9970 
   NS_SS1122 10 0.0035 0.9965 
   NS_SS1136 10 0.0010 0.9990 
   NS_SS1077 10 0.0007 0.9993 
   NS_SS1134 10 0.0096 0.9904 
   NS_SS1091 10 0.0018 0.9982 
   NS_SS1089 10 0.0022 0.9978 
   NS_SS1123 10 0.0012 0.9988 
   NS_SS1158 10 0.0008 0.9992 
   NS_SS1093 10 0.0019 0.9981 
   NS_SS1102 10 0.0045 0.9955 
   NS_SS1056 10 0.0015 0.9985 
   NS_SS1126 10 0.0027 0.9973 
   NS_SS1058 10 0.0033 0.9967 
   NS_SS1084 10 0.0011 0.9989 
   NS_SS1095 10 0.0052 0.9948 
   NS_SS1079 10 0.0014 0.9986 
   NS_SS1149 10 0.0023 0.9977 
   NS_SS1121 10 0.0013 0.9987 
   NS_SS1067 10 0.0045 0.9955 
   NS_SS1081 10 0.0021 0.9979 
   NS_SS1130 10 0.0027 0.9973 
   NS_SS1073 10 0.0020 0.9980 
   NS_SS1133 10 0.0063 0.9937 
   NS_SS1129 10 0.0012 0.9988 
   NS_SS1085 10 0.0017 0.9983 
   NS_SS1137 10 0.0033 0.9967 
   NS_SS1135 10 0.0011 0.9989 
   NS_SS1082 10 0.0013 0.9987 
   NS_SS1125 10 0.0011 0.9989 
   NS_SS1124 10 0.0056 0.9944 
   NS_SS1155 10 0.0065 0.9935 
   NS_SS1145 10 0.0014 0.9986 
